Atomic Mass Adjustment data 
"The Ame2016 atomic mass evaluation (I)"   by W.J.Huang, G.Audi, M.Wang, F.G.Kondev, S.Naimi and X.Xu
"The Ame2016 atomic mass evaluation (II)"   by W.J.Huang, G.Audi, M.Wang, F.G.Kondev, S.Naimi and X.Xu

NUM	ELEMENT	N	Z	MASS_EXCESS	ME_unc
2	H	0	1	7288.97061	0.00009
3	H	1	1	13135.72176	0.00011
4	H	2	1	14949.80993	0.00022
5	He	1	2	14931.21793	0.00021
6	H	3	1	24621.127	100
7	He	2	2	2424.91561	0.00006
8	Li	1	3	25323.189	212.132
9	H	4	1	32892.444	89.443
10	He	3	2	11231.233	20
11	Li	2	3	11678.886	50
12	H	5	1	41875.721	254.127
13	He	4	2	17592.095	0.053
14	Li	3	3	14086.87895	0.00144
15	Be	2	4	18375.033	5.448
16	He	5	2	26073.126	7.559
17	Li	4	3	14907.10529	0.00423
18	Be	3	4	15768.999	0.071
19	B	2	5	27676.55	25.15
20	He	6	2	31609.681	0.089
21	Li	5	3	20945.804	0.047
22	Be	4	4	4941.671	0.035
23	B	3	5	22921.567	1
24	C	2	6	35064.268	18.243
25	He	7	2	40935.826	46.816
26	Li	6	3	24954.902	0.186
27	Be	5	4	11348.453	0.077
28	B	4	5	12416.488	0.903
29	C	3	6	28910.972	2.137
30	He	8	2	49197.143	92.848
31	Li	7	3	33052.624	12.721
32	Be	6	4	12607.488	0.081
33	B	5	5	12050.609	0.015
34	C	4	6	15698.672	0.07
35	N	3	7	38800.026	400
36	Li	8	3	40728.254	0.615
37	Be	7	4	20177.167	0.238
38	B	6	5	8667.707	0.012
39	C	5	6	10649.396	0.06
40	N	4	7	24303.559	46.154
41	Li	9	3	49009.571	30.006
42	Be	8	4	25077.76	1.909
43	B	7	5	13369.397	1.321
44	C	6	6	0	0
45	N	5	7	17338.068	1
46	O	4	8	31914.613	24
47	Li	10	3	56980.888	70.003
48	Be	9	4	33659.077	10.18
49	B	8	5	16561.947	1
50	C	7	6	3125.00888	0.00021
51	N	6	7	5345.481	0.27
52	O	5	8	23115.432	9.526
53	Be	10	4	39954.498	132.245
54	B	9	5	23663.685	21.213
55	C	8	6	3019.89278	0.00376
56	N	7	7	2863.41672	0.00019
57	O	6	8	8007.781	0.025
58	F	5	9	31964.402	41.119
59	Be	11	4	49825.815	165.797
60	B	10	5	28958.242	21.032
61	C	9	6	9873.144	0.8
62	N	8	7	101.43871	0.0006
63	O	7	8	2855.605	0.491
64	F	6	9	16566.751	14
65	Ne	5	10	40215.373	66.684
66	Be	12	4	57447.132	165.797
67	B	11	5	37112.51	24.569
68	C	10	6	13694.132	3.578
69	N	9	7	5683.907	2.301
70	O	8	8	-4737.00135	0.00016
71	F	7	9	10680.253	8.321
72	Ne	6	10	23986.776	20.48
73	B	12	5	43716.317	204.104
74	C	11	6	21031.898	17.365
75	N	10	7	7870.079	15
76	O	9	8	-808.76348	0.00066
77	F	8	9	1951.702	0.248
78	Ne	7	10	16500.447	0.354
79	Na	6	11	35173.214	1001.356
80	B	13	5	51792.634	204.165
81	C	12	6	24919.264	30
82	N	11	7	13113.168	18.57
83	O	10	8	-782.8156	0.00071
84	F	9	9	873.113	0.463
85	Ne	8	10	5317.614	0.363
86	Na	7	11	25037.988	93.881
87	B	14	5	59770.244	525.363
88	C	13	6	32413.752	98.389
89	N	12	7	15856.282	16.404
90	O	11	8	3332.858	2.637
91	F	10	9	-1487.4442	0.00086
92	Ne	9	10	1752.05	0.16
93	Na	8	11	12929.39	10.535
94	Mg	7	12	31828.389	50.001
95	C	14	6	37503.563	230.625
96	N	13	7	21766.496	78.894
97	O	12	8	3796.172	0.885
98	F	11	9	-17.463	0.03
99	Ne	10	10	-7041.93055	0.00157
100	Na	9	11	6850.604	1.114
101	Mg	8	12	17477.692	1.863
102	N	14	7	25231.913	134.048
103	O	13	8	8062.035	12
104	F	12	9	-47.605	1.8
105	Ne	11	10	-5731.776	0.038
106	Na	10	11	-2184.631	0.098
107	Mg	9	12	10903.85	0.755
108	C	16	6	53611.197	231.49
109	N	15	7	31764.801	207.779
110	O	14	8	9283.033	56.921
111	F	13	9	2793.373	12.399
112	Ne	12	10	-8024.719	0.018
113	Na	11	11	-5181.511	0.171
114	Mg	10	12	-399.933	0.313
115	N	16	7	36720.425	420.57
116	O	15	8	14621.369	121.712
117	F	14	9	3285.263	33.32
118	Ne	13	10	-5154.049	0.104
119	Na	12	11	-9529.85248	0.00181
120	Mg	11	12	-5473.513	0.158
121	Al	10	13	6748.07	0.345
122	O	16	8	18500.402	164.874
123	F	15	9	7544.515	97.67
124	Ne	14	10	-5951.646	0.513
125	Na	13	11	-8417.901	0.017
126	Mg	12	12	-13933.569	0.013
127	Al	11	13	-48.865	0.233
128	Si	10	14	10745.195	19.472
129	O	17	8	27329.027	165.084
130	F	16	9	11334.166	96.442
131	Ne	15	10	-2035.502	29.045
132	Na	14	11	-9357.813	1.2
133	Mg	13	12	-13192.783	0.047
134	Al	12	13	-8915.975	0.065
135	Si	11	14	3827.324	10
136	O	18	8	34661.037	164.95
137	F	17	9	18648.875	111.199
138	Ne	16	10	481.114	18.429
139	Na	15	11	-6860.78	3.502
140	Mg	14	12	-16214.542	0.03
141	Al	13	13	-12210.151	0.067
142	Si	12	14	-7141.015	0.108
143	F	18	9	25450.279	389.83
144	Ne	17	10	7050.909	90.77
145	Na	16	11	-5517.79	3.726
146	Mg	15	12	-14586.611	0.05
147	Al	14	13	-17196.861	0.047
148	Si	13	14	-12384.503	0.107
149	P	12	15	-722.458	26.34
150	F	19	9	33741.596	393.024
151	Ne	18	10	11299.737	126.068
152	Na	17	11	-988.315	10.246
153	Mg	16	12	-15018.845	2.001
154	Al	15	13	-16850.645	0.077
155	Si	14	14	-21492.7943	0.00049
156	P	13	15	-7147.74	1.152
157	S	12	16	4073.206	160
158	F	20	9	40150.186	525.363
159	Ne	19	10	18399.801	149.505
160	Na	18	11	2679.994	7.337
161	Mg	17	12	-10602.829	11.4
162	Al	16	13	-18207.76	0.345
163	Si	15	14	-21895.07838	0.00056
164	P	14	15	-16952.848	0.359
165	S	13	16	-3156.416	50
166	Cl	12	17	13162.176	188.68
167	Ne	20	10	23280.117	253.25
168	Na	19	11	8474.67	4.727
169	Mg	18	12	-8883.82	3.447
170	Al	17	13	-15864.844	2.888
171	Si	16	14	-24432.96	0.022
172	P	15	15	-20200.854	0.065
173	S	14	16	-14059.253	0.206
174	Ar	12	18	20931.147	206.155
175	Ne	21	10	31181.591	266.195
176	Na	20	11	12246.031	13.972
177	Mg	19	12	-3122.151	3.074
178	Al	18	13	-14950.706	2.236
179	Si	17	14	-22949.036	0.043
180	P	16	15	-24440.54095	0.00067
181	S	15	16	-19042.525	0.229
182	Cl	14	17	-7034.551	3.447
183	Na	21	11	18640.151	37.26
184	Mg	20	12	-828.9	3.26
185	Al	19	13	-11099.367	7.173
186	Si	18	14	-24077.686	0.298
187	P	17	15	-24304.874	0.04
188	S	16	16	-26015.53355	0.00132
189	Cl	15	17	-13334.674	0.562
190	Ar	14	18	-2200.351	1.77
191	Na	22	11	23780.11	449.912
192	Mg	21	12	4962.297	2.888
193	Al	20	13	-8497.38	6.986
194	Si	19	14	-20514.325	0.699
195	P	18	15	-26337.346	1.09
196	S	17	16	-26585.85434	0.00135
197	Cl	16	17	-21003.337	0.391
198	Ar	15	18	-9384.292	0.401
199	Na	23	11	31680.111	599.416
200	Mg	22	12	8323.348	28.876
201	Al	21	13	-3000.289	3.074
202	Si	20	14	-19956.852	14.118
203	P	19	15	-24548.698	0.81
204	S	18	16	-29931.685	0.045
205	Cl	17	17	-24440.082	0.049
206	Ar	16	18	-18378.29	0.078
207	Mg	23	12	15639.784	269.668
208	Al	22	13	-223.728	7.359
209	Si	21	14	-14391.457	35.857
210	P	20	15	-24857.799	1.866
211	S	19	16	-28846.206	0.04
212	Cl	18	17	-29013.528	0.035
213	Ar	17	18	-23047.284	0.68
214	K	16	19	-11172.891	0.512
215	Mg	24	12	20380.157	690.237
216	Al	23	13	5950.384	149.505
217	Si	22	14	-12436.124	71.797
218	P	21	15	-20251.034	13.114
219	S	20	16	-30664.131	0.188
220	Cl	19	17	-29522.005	0.036
221	Ar	18	18	-30231.54	0.027
222	K	17	19	-17417.065	0.341
223	Ca	16	20	-6451.149	40
224	Mg	25	12	28211.474	698.947
225	Al	24	13	9809.563	180.244
226	Si	23	14	-6571.511	113.809
227	P	22	15	-18995.998	37.948
228	S	21	16	-26896.417	0.198
229	Cl	20	17	-31761.538	0.052
230	Ar	19	18	-30947.664	0.207
231	K	18	19	-24800.199	0.094
232	Ca	17	20	-13136.066	0.634
233	Al	25	13	16209.859	374.461
234	Si	24	14	-4170.299	104.793
235	P	23	15	-14621.563	72.581
236	S	22	16	-26861.203	7.172
237	Cl	21	17	-29798.103	0.098
238	Ar	20	18	-34714.821	0.195
239	K	19	19	-28800.755	0.195
240	Ca	18	20	-22058.499	0.194
241	Si	25	14	2320.352	135.532
242	P	24	15	-12774.634	112.645
243	S	23	16	-23162.667	50
244	Cl	22	17	-29800.205	1.732
245	Ar	21	18	-33242.19	5
246	K	20	19	-33807.1901	0.00458
247	Ca	19	20	-27282.702	0.596
248	Sc	18	21	-14172.709	24
249	Si	26	14	5429.679	345.119
250	P	25	15	-8114.37	153.582
251	S	24	16	-22837.846	3.982
252	Cl	23	17	-27557.813	32.066
253	Ar	22	18	-35039.89464	0.00224
254	K	21	19	-33535.492	0.056
255	Ca	20	20	-34846.384	0.021
256	Sc	19	21	-20523.335	2.828
257	Ti	18	22	-8850.384	160
258	Si	27	14	12119.668	554.705
259	P	26	15	-4979.767	120.163
260	S	25	16	-19008.577	4.099
261	Cl	24	17	-27307.189	68.723
262	Ar	23	18	-33067.505	0.347
263	K	22	19	-35559.54331	0.0038
264	Ca	21	20	-35137.89	0.138
265	Sc	20	21	-28642.412	0.083
266	Ti	19	22	-15697.537	27.945
267	P	27	15	1009.74	314.379
268	S	26	16	-17637.746	2.794
269	Cl	25	17	-24831.767	59.616
270	Ar	24	18	-34422.675	5.775
271	K	23	19	-35022.026	0.106
272	Ca	22	20	-38547.245	0.149
273	Sc	21	21	-32121.153	0.169
274	Ti	20	22	-25104.674	0.277
275	P	28	15	4679.826	554.705
276	S	27	16	-12195.459	4.97
277	Cl	26	17	-24159.508	61.858
278	Ar	25	18	-32009.808	5.31
279	K	24	19	-36575.389	0.41
280	Ca	23	20	-38408.822	0.228
281	Sc	22	21	-36188.102	1.863
282	Ti	21	22	-29321.082	7.245
283	V	20	23	-17916.356	42.849
284	S	28	16	-9204.233	5.216
285	Cl	27	17	-20384.523	136.321
286	Ar	26	18	-32673.255	1.584
287	K	25	19	-35781.492	0.419
288	Ca	24	20	-41468.675	0.325
289	Sc	23	21	-37815.985	1.756
290	Ti	22	22	-37548.569	0.7
291	V	21	23	-24116.38	181.641
292	S	29	16	-3989.589	1035.356
293	Cl	28	17	-18262.543	136.163
294	Ar	27	18	-29770.796	0.512
295	K	26	19	-36615.638	0.522
296	Ca	25	20	-40812.174	0.366
297	Sc	24	21	-41071.896	0.675
298	Ti	23	22	-39009.84	0.845
299	V	22	23	-31886.016	0.872
300	Cr	21	24	-19514.799	35.397
301	Cl	29	17	-13859.398	208.661
302	Ar	28	18	-29772.926	1.118
303	K	27	19	-35413.924	0.727
304	Ca	26	20	-43139.361	2.235
305	Sc	25	21	-41761.219	0.683
306	Ti	24	22	-44127.799	0.165
307	V	23	23	-37075.351	0.202
308	Cr	22	24	-29471.567	11.453
309	Ar	29	18	-25366.338	1.118
310	K	28	19	-35711.976	1.397
311	Ca	27	20	-42344.418	2.222
312	Sc	26	21	-44336.595	1.933
313	Ti	25	22	-44937.364	0.115
314	V	24	23	-42006.618	0.169
315	Cr	23	24	-34562.578	6.03
316	Mn	22	25	-22566.374	31.671
317	Ar	30	18	-22281.337	307.393
318	K	29	19	-32284.477	0.773
319	Ca	28	20	-44224.629	0.096
320	Sc	27	21	-44503.842	4.951
321	Ti	26	22	-48492.709	0.109
322	V	25	23	-44477.694	0.975
323	Cr	24	24	-42822.02	7.324
324	Mn	23	25	-29296.338	6.939
325	K	30	19	-29611.49	0.801
326	Ca	29	20	-41299.765	0.201
327	Sc	28	21	-46561.265	2.698
328	Ti	27	22	-48563.787	0.114
329	V	26	23	-47961.931	0.828
330	Cr	25	24	-45333.06	2.243
331	Mn	24	25	-37620.634	2.255
332	Fe	23	26	-24750.727	24.219
333	K	31	19	-25727.848	7.731
334	Ca	30	20	-39589.224	1.584
335	Sc	29	21	-44547.382	15
336	Ti	28	22	-51431.66	0.121
337	V	27	23	-49224.013	0.409
338	Cr	26	24	-50262.072	0.437
339	Mn	25	25	-42627.595	0.442
340	Fe	24	26	-34476.456	8.383
341	K	32	19	-22516.196	13.047
342	Ca	31	20	-36332.304	0.522
343	Sc	30	21	-43228.684	20
344	Ti	29	22	-49732.837	0.505
345	V	28	23	-52203.842	0.401
346	Cr	27	24	-51451.395	0.4
347	Mn	26	25	-48243.877	0.502
348	Fe	25	26	-40202.555	8.964
349	Co	24	27	-27342.143	48.438
350	K	33	19	-17137.627	33.534
351	Ca	32	20	-34266.266	0.671
352	Sc	31	21	-40443.279	81.852
353	Ti	30	22	-49469.82	7.072
354	V	29	23	-51443.769	0.42
355	Cr	28	24	-55419.242	0.34
356	Mn	27	25	-50707.284	1.845
357	Fe	26	26	-48330.363	5.117
358	Co	25	27	-34360.951	8.383
359	K	34	19	-12295.721	111.779
360	Ca	33	20	-29387.704	43.78
361	Sc	32	21	-38906.808	94.087
362	Ti	31	22	-46831.061	100.049
363	V	30	23	-51851.061	3.12
364	Cr	29	24	-55286.999	0.348
365	Mn	28	25	-54690.116	0.45
366	Fe	27	26	-50947.53	1.656
367	Co	26	27	-42659.428	1.713
368	Ni	25	28	-29630.824	25.15
369	Ca	34	20	-25160.585	48.438
370	Sc	33	21	-33890.9	272.8
371	Ti	32	22	-45621.981	82.461
372	V	31	23	-49893.173	15.004
373	Cr	30	24	-56934.765	0.353
374	Mn	29	25	-55557.629	1.059
375	Fe	28	26	-56254.5	0.372
376	Co	27	27	-48009.953	0.383
377	Ni	26	28	-39278.308	4.657
378	Sc	34	21	-30159.352	454.342
379	Ti	33	22	-41668.088	161.602
380	V	32	23	-49144.586	95.104
381	Cr	31	24	-55109.71	0.399
382	Mn	30	25	-57712.413	0.303
383	Fe	29	26	-57481.3	0.342
384	Co	28	27	-54029.883	0.428
385	Ni	27	28	-45335.849	0.719
386	Cu	26	29	-31635.399	155.559
387	Sc	35	21	-24852.26	586.841
388	Ti	34	22	-39320.048	121.247
389	V	33	23	-46154.881	176.898
390	Cr	32	24	-55285.001	0.603
391	Mn	31	25	-56911.538	0.331
392	Fe	30	26	-60607.082	0.302
393	Co	29	27	-56040.402	0.493
394	Ni	28	28	-53907.539	0.422
395	Cu	27	29	-38643.029	14.904
396	Sc	36	21	-20995.875	1304.092
397	Ti	35	22	-33915.633	256.417
398	V	34	23	-44413.45	80.479
399	Cr	33	24	-52524.702	1.068
400	Mn	32	25	-57486.251	1.505
401	Fe	31	26	-60181.839	0.304
402	Co	30	27	-59345.564	0.533
403	Ni	29	28	-56083.833	0.582
404	Cu	28	29	-47308.886	0.519
405	V	35	23	-40401.753	89.374
406	Cr	34	24	-51991.801	1.49
407	Mn	33	25	-55827.56	2.701
408	Fe	32	26	-62155.113	0.343
409	Co	31	27	-59847.158	1.16
410	Ni	30	28	-60228.744	0.373
411	Cu	29	29	-51667.725	0.578
412	Zn	28	30	-42298.744	50.001
413	V	36	23	-37832.015	161.874
414	Cr	35	24	-48085.76	216.367
415	Mn	34	25	-55525.32	2.329
416	Fe	33	26	-60664.805	0.355
417	Co	32	27	-62229.709	0.418
418	Ni	31	28	-61156.707	0.374
419	Cu	30	29	-56358.327	0.544
420	Zn	29	30	-47215.551	0.771
421	V	37	23	-33241.956	220.159
422	Cr	36	24	-46669.576	193.593
423	Mn	35	25	-52967.938	2.329
424	Fe	34	26	-61413.017	3.409
425	Co	33	27	-61650.309	0.424
426	Ni	32	28	-64473.118	0.376
427	Cu	31	29	-58345.137	1.618
428	Zn	30	30	-54174.34	0.564
429	V	38	23	-30506.429	894.234
430	Cr	37	24	-42475.229	101.341
431	Mn	36	25	-51742.122	2.329
432	Fe	35	26	-58920.494	2.608
433	Co	34	27	-62898.066	0.846
434	Ni	33	28	-64221.905	0.378
435	Cu	32	29	-61984.059	0.953
436	Zn	31	30	-56348.903	15.899
437	Ga	30	31	-47134.659	37.994
438	Cr	38	24	-40894.961	148.099
439	Mn	37	25	-48523.957	6.542
440	Fe	36	26	-58878.048	2.794
441	Co	35	27	-61424.282	18.575
442	Ni	34	28	-66746.323	0.439
443	Cu	33	29	-62787.426	0.647
444	Zn	32	30	-61167.972	0.625
445	Ga	31	31	-51986.906	0.647
446	Cr	39	24	-36007.474	358.073
447	Mn	38	25	-46887.053	3.726
448	Fe	37	26	-55635.621	4.302
449	Co	36	27	-61851.44	18.575
450	Ni	35	28	-65512.775	0.44
451	Cu	34	29	-65579.752	0.44
452	Zn	33	30	-62213.397	1.561
453	Ga	32	31	-56547.093	1.304
454	Ge	31	32	-46921.216	37.26
455	Cr	40	24	-33479.757	439.665
456	Mn	39	25	-42989.035	3.54
457	Fe	38	26	-54969.544	5.017
458	Co	37	27	-59792.329	20.006
459	Ni	36	28	-67098.921	0.475
460	Cu	35	29	-65424.545	0.448
461	Zn	34	30	-66004.014	0.647
462	Ga	33	31	-58832.821	1.429
463	Ge	32	32	-54315.496	3.726
464	Mn	40	25	-40967.339	3.726
465	Fe	39	26	-51217.895	5.112
466	Co	38	27	-59185.198	2.083
467	Ni	37	28	-65125.685	0.495
468	Cu	36	29	-67263.66	0.65
469	Zn	35	30	-65912.019	0.65
470	Ga	34	31	-62657.507	0.815
471	Ge	33	32	-56478.216	2.165
472	As	32	33	-46937.051	84.766
473	Mn	41	25	-36750.387	11.178
474	Fe	40	26	-50067.839	4.099
475	Co	39	27	-56408.533	13.972
476	Ni	38	28	-66006.285	1.397
477	Cu	37	29	-66258.272	0.655
478	Zn	36	30	-68899.16	0.749
479	Ga	35	31	-63723.66	1.096
480	Ge	34	32	-61607.032	2.401
481	As	33	33	-52025.077	5.682
482	Fe	41	26	-45610.155	270.285
483	Co	40	27	-55321.775	6.443
484	Ni	39	28	-63742.68	2.888
485	Cu	38	29	-67319.513	0.894
486	Zn	37	30	-67880.313	0.76
487	Ga	36	31	-66879.048	1.181
488	Ge	35	32	-62658.23	4.661
489	As	34	33	-56587.225	0.443
490	Se	33	34	-46580.289	67.068
491	Fe	42	26	-43486.914	365.259
492	Co	41	27	-51930.665	189.497
493	Ni	40	28	-63463.814	2.981
494	Cu	39	29	-65567.035	1.584
495	Zn	38	30	-70007.092	0.784
496	Ga	37	31	-67085.992	1.433
497	Ge	36	32	-66978.789	1.876
498	As	35	33	-58894.519	1.846
499	Se	34	34	-54189.441	0.496
500	Co	42	27	-50279.157	140.506
501	Ni	41	28	-59978.648	3.726
502	Cu	40	29	-65736.213	1.397
503	Zn	39	30	-68417.845	0.8
504	Ga	38	31	-69327.809	1.197
505	Ge	37	32	-67100.663	1.318
506	As	36	33	-63112.171	31.999
507	Se	35	34	-56434.706	1.49
508	Br	34	35	-46259.47	42.003
509	Ni	42	28	-59213.86	2.144
510	Cu	41	29	-62976.373	1.082
511	Zn	40	30	-69564.735	1.918
512	Ga	39	31	-68910.14	1.201
513	Ge	38	32	-70561.876	0.838
514	As	37	33	-64341.876	50.007
515	Se	36	34	-61929.891	1.584
516	Br	35	35	-51425.619	14.904
517	Co	44	27	-44369.926	465.03
518	Ni	43	28	-55406.228	2.237
519	Cu	42	29	-62711.127	1.49
520	Zn	41	30	-67328.777	2.654
521	Ga	40	31	-70139.135	0.812
522	Ge	39	32	-69906.497	0.834
523	As	38	33	-67893.097	4.167
524	Se	37	34	-63146.507	2.794
525	Br	36	35	-56502.418	5.402
526	Kr	35	36	-46327.205	128.769
527	Ni	44	28	-54226.06	2.237
528	Cu	43	29	-59782.999	1.397
529	Zn	42	30	-68145.486	2.142
530	Ga	41	31	-68588.293	0.819
531	Ge	40	32	-72585.9	0.076
532	As	39	33	-68229.798	4.083
533	Se	38	34	-67868.18	1.956
534	Br	37	35	-59061.743	1.025
535	Kr	36	36	-53940.575	8.011
536	Ni	45	28	-50108.152	2.423
537	Cu	44	29	-58987.437	1.942
538	Zn	43	30	-65593.402	1.863
539	Ga	42	31	-69699.335	1.677
540	Ge	41	32	-71297.523	0.057
541	As	40	33	-70952.747	3.853
542	Se	39	34	-68227.387	7.424
543	Br	38	35	-63647.475	7.266
544	Kr	37	36	-56551.751	6.578
545	Cu	45	29	-56006.205	6.148
546	Zn	44	30	-65756.712	2.515
547	Ga	43	31	-68049.617	2.994
548	Ge	42	32	-73422.442	0.013
549	As	41	33	-70860.054	1.693
550	Se	40	34	-72213.201	0.015
551	Br	39	35	-65288.153	5.835
552	Kr	38	36	-62331.836	2.013
553	Rb	37	37	-51916.009	3.027
554	Cu	46	29	-54471.341	2.33
555	Zn	45	30	-62558.908	1.956
556	Ga	44	31	-68464.58	2.422
557	Ge	43	32	-71856.965	0.052
558	As	42	33	-73034.195	0.884
559	Se	41	34	-72169.481	0.073
560	Br	40	35	-69107.009	4.285
561	Kr	39	36	-64323.624	8.104
562	Rb	38	37	-57218.694	1.18
563	Sr	37	38	-46618.694	220.003
564	Cu	47	29	-50975.985	6.707
565	Zn	46	30	-62303.016	1.456
566	Ga	45	31	-66296.64	1.956
567	Ge	44	32	-73212.889	0.018
568	As	43	33	-72291.377	0.886
569	Se	42	34	-75251.95	0.016
570	Br	41	35	-70289.068	9.322
571	Kr	40	36	-69013.714	4.013
572	Rb	39	37	-60479.081	0.938
573	Sr	38	38	-54247.639	34.465
574	Zn	47	30	-58789.195	1.973
575	Ga	46	31	-65992.344	2.422
576	Ge	45	32	-71212.862	0.053
577	As	44	33	-73916.318	1.693
578	Se	43	34	-74599.488	0.062
579	Br	42	35	-73234.809	2.811
580	Kr	41	36	-70169.443	1.956
581	Rb	40	37	-64830.492	1.304
582	Sr	39	38	-57803.436	7.918
583	Cu	49	29	-44497.469	503.007
584	Zn	48	30	-57483.235	1.944
585	Ga	47	31	-63705.95	1.903
586	Ge	46	32	-71862.05	3.536
587	As	45	33	-72816.94	9.781
588	Se	44	34	-77025.944	0.179
589	Br	43	35	-73452.16	3.58
590	Kr	42	36	-74178.275	0.307
591	Rb	41	37	-66935.419	3.237
592	Sr	40	38	-63173.941	7.452
593	Zn	49	30	-53432.295	2.225
594	Ga	48	31	-62547.679	1.868
595	Ge	47	32	-69526.592	37.181
596	As	46	33	-73636.049	5.328
597	Se	45	34	-75917.459	0.223
598	Br	44	35	-76068.035	1.021
599	Kr	43	36	-74442.257	3.486
600	Rb	42	37	-70802.985	2.142
601	Sr	41	38	-65476.889	8.383
602	Y	40	39	-57817.833	79.177
603	Zn	50	30	-51648.612	2.585
604	Ga	49	31	-59223.667	2.891
605	Ge	48	32	-69535.306	2.054
606	As	47	33	-72214.493	3.333
607	Se	46	34	-77759.457	0.963
608	Br	45	35	-75888.993	1.012
609	Kr	44	36	-77893.346	0.691
610	Rb	43	37	-72175.467	1.863
611	Sr	42	38	-70311.459	3.464
612	Y	41	39	-61148.152	6.242
613	Zn	51	30	-46199.663	5.03
614	Ga	50	31	-57627.954	3.264
615	Ge	49	32	-66291.687	2.055
616	As	48	33	-72533.304	2.644
617	Se	47	34	-76388.988	0.992
618	Br	46	35	-77977.034	0.978
619	Kr	45	36	-77696.181	1.074
620	Rb	44	37	-75456.67	4.904
621	Sr	43	38	-71528.125	3.128
622	Y	42	39	-65712.912	5.405
623	Zr	41	40	-57460.139	94.081
624	Zn	52	30	-42313.954	3.074
625	Ga	51	31	-52930.719	2.426
626	Ge	50	32	-65415.067	2.241
627	As	49	33	-70105.419	3.729
628	Se	48	34	-77593.882	0.467
629	Br	47	35	-77498.661	0.971
630	Kr	46	36	-80591.78515	0.00549
631	Rb	45	37	-76187.803	3.009
632	Sr	44	38	-76010.053	5.992
633	Y	43	39	-68064.091	5.499
634	Zr	42	40	-63631.287	11.178
635	Ga	52	31	-49257.122	2.613
636	Ge	51	32	-60976.435	2.427
637	As	50	33	-69669.323	2.799
638	Se	49	34	-75340.53	3.036
639	Br	48	35	-79013.709	3.795
640	Kr	47	36	-79990.633	0.009
641	Rb	46	37	-79070.63	2.329
642	Sr	45	38	-76797.606	6.834
643	Y	44	39	-72205.665	18.631
644	Zr	43	40	-65911.654	6.43
645	Nb	42	41	-57556.083	150.902
646	Ge	52	32	-58148.428	3.171
647	As	51	33	-65853.56	3.171
648	Se	50	34	-75947.721	1.961
649	Br	49	35	-77783.084	25.73
650	Kr	48	36	-82439.3351	0.00379
651	Rb	47	37	-79758.964	2.194
652	Sr	46	38	-80649.57	1.243
653	Y	45	39	-73894.431	4.299
654	Zr	44	40	-71421.686	5.499
655	Nb	43	41	-61218.717	13.041
656	Ge	53	32	-53123.42	3.729
657	As	52	33	-63189.144	3.078
658	Se	51	34	-72413.636	2.613
659	Br	50	35	-78575.469	3.078
660	Kr	49	36	-81480.331	2
661	Rb	48	37	-82167.3305	0.00498
662	Sr	47	38	-81103.28	2.813
663	Y	46	39	-77842.123	18.965
664	Zr	45	40	-73175.189	6.43
665	Nb	44	41	-66279.676	4.099
666	Mo	43	42	-57509.753	15.835
667	Ge	54	32	-49399.922	437.802
668	As	53	33	-58962.142	3.45
669	Se	52	34	-70503.167	2.52
670	Br	51	35	-75632.252	3.078
671	Kr	50	36	-83265.66564	0.00369
672	Rb	49	37	-82746.993	0.2
673	Sr	48	38	-84523.08935	0.00522
674	Y	47	39	-79283.089	14.142
675	Zr	46	40	-77969.014	3.566
676	Nb	45	41	-69134.054	5.499
677	Mo	44	42	-64110.245	3.726
678	As	54	33	-55617.907	2.985
679	Se	53	34	-66426.125	2.241
680	Br	52	35	-73891.676	3.171
681	Kr	51	36	-80709.522	0.246
682	Rb	50	37	-84597.791	0.006
683	Sr	49	38	-84880.06595	0.0051
684	Y	48	39	-83018.376	1.128
685	Zr	47	40	-79347.137	4.146
686	Nb	46	41	-73874.486	6.802
687	Mo	45	42	-66884.808	2.857
688	Tc	44	43	-57690.044	4.192
689	Se	54	34	-63884.195	3.357
690	Br	53	35	-70715.959	3.171
691	Kr	52	36	-79691.286	2.608
692	Rb	51	37	-82608.995	0.159
693	Sr	50	38	-87921.61793	0.00558
694	Y	49	39	-84299.018	1.5
695	Zr	48	40	-83628.871	5.403
696	Nb	47	41	-76173.586	58.81
697	Mo	46	42	-72686.544	3.819
698	Tc	45	43	-61681.315	149.039
699	Se	55	34	-58992.391	3.729
700	Br	54	35	-68274.263	3.264
701	Kr	53	36	-76535.785	2.142
702	Rb	52	37	-81712.388	5.427
703	Sr	51	38	-86209.017	0.092
704	Y	50	39	-87708.352	1.612
705	Zr	49	40	-84875.561	3.083
706	Nb	48	41	-80625.209	23.631
707	Mo	47	42	-75014.935	3.912
708	Tc	46	43	-67394.848	3.819
709	Se	56	34	-55800.217	329.749
710	Br	55	35	-64000.298	3.357
711	Kr	54	36	-74959.25	1.863
712	Rb	53	37	-79364.404	6.484
713	Sr	52	38	-85948.127	2.124
714	Y	51	39	-86494.062	1.611
715	Zr	50	40	-88772.535	0.118
716	Nb	49	41	-82661.519	3.317
717	Mo	48	42	-80172.503	3.463
718	Tc	47	43	-70724.687	1.025
719	Ru	46	44	-64883.792	3.73
720	Se	57	34	-50580.124	433.145
721	Br	56	35	-61107.294	3.544
722	Kr	55	36	-70973.965	2.236
723	Rb	54	37	-77745.037	7.801
724	Sr	53	38	-83651.927	5.453
725	Y	52	39	-86351.295	1.843
726	Zr	51	40	-87895.566	0.105
727	Nb	50	41	-86638.001	2.926
728	Mo	49	42	-82208.821	6.238
729	Tc	48	43	-75986.646	2.363
730	Ru	47	44	-68239.823	2.221
731	Br	57	35	-56232.805	6.709
732	Kr	56	36	-68769.32	2.701
733	Rb	55	37	-74772.438	6.123
734	Sr	54	38	-82867.361	3.423
735	Y	53	39	-84816.492	9.127
736	Zr	52	40	-88459.028	0.102
737	Nb	51	41	-86453.292	1.785
738	Mo	50	42	-86808.576	0.157
739	Tc	49	43	-78925.693	3.102
740	Ru	48	44	-74301.201	2.718
741	Rh	47	45	-62999.087	4.378
742	Br	58	35	-52890.23	430.816
743	Kr	57	36	-64135.994	2.515
744	Rb	56	37	-72619.901	7.83
745	Sr	55	38	-80085.838	7.554
746	Y	54	39	-84227.157	10.488
747	Zr	53	40	-87122.032	0.457
748	Nb	52	41	-87212.838	1.491
749	Mo	51	42	-86807.069	0.181
750	Tc	50	43	-83606.106	1.012
751	Ru	49	44	-77216.713	2.065
752	Rh	48	45	-69011.8	2.629
753	Kr	58	36	-61347.772	12.109
754	Rb	57	37	-68562.785	2.029
755	Sr	56	38	-78845.711	1.663
756	Y	55	39	-82351.463	6.38
757	Zr	54	40	-87269.322	0.164
758	Nb	53	41	-86369.062	1.491
759	Mo	52	42	-88414.065	0.141
760	Tc	51	43	-84158.317	4.071
761	Ru	50	44	-82583.591	3.143
762	Rh	49	45	-72907.613	3.379
763	Pd	48	46	-66102.268	4.287
764	Kr	59	36	-56158.913	18.63
765	Rb	58	37	-65891.493	20.245
766	Sr	57	38	-75119.551	5.812
767	Y	56	39	-81208.848	6.779
768	Zr	55	40	-85659.94	0.869
769	Nb	54	41	-86786.258	0.508
770	Mo	53	42	-87711.858	0.123
771	Tc	52	43	-86021.341	5.08
772	Ru	51	44	-83457.745	9.502
773	Rh	50	45	-78340.606	3.886
774	Pd	49	46	-69965.9	3.031
775	Kr	60	36	-53079.678	20.493
776	Rb	59	37	-61354.349	3.353
777	Sr	58	38	-72924.157	8.475
778	Y	57	39	-78335.895	6.088
779	Zr	56	40	-85438.846	0.114
780	Nb	55	41	-85602.816	0.147
781	Mo	54	42	-88794.876	0.12
782	Tc	53	43	-85821.634	5.146
783	Ru	52	44	-86080.372	0.17
784	Rh	51	45	-79687.718	10.001
785	Pd	50	46	-76183.406	4.194
786	Ag	49	47	-64511.636	90.084
787	Kr	61	36	-47423.492	130.409
788	Rb	60	37	-58519.137	1.912
789	Sr	59	38	-68581.454	3.385
790	Y	58	39	-76121.424	6.719
791	Zr	57	40	-82942.661	0.414
792	Nb	56	41	-85605.776	4.249
793	Mo	55	42	-87544.691	0.165
794	Tc	54	43	-87224.424	4.118
795	Ru	53	44	-86120.552	2.763
796	Rh	52	45	-82597.552	35.463
797	Pd	51	46	-77805.843	4.844
798	Ag	50	47	-70825.843	110.107
799	Rb	61	37	-54369.146	16.083
800	Sr	60	38	-66423.104	3.226
801	Y	59	39	-72294.777	7.929
802	Zr	58	40	-81286.709	8.451
803	Nb	57	41	-83524.598	5.001
804	Mo	56	42	-88115.972	0.174
805	Tc	55	43	-86432.205	3.38
806	Ru	54	44	-88224.858	6.463
807	Rh	53	45	-83175.205	11.906
808	Pd	52	46	-81320.975	4.742
809	Ag	51	47	-73066.415	32.907
810	Cd	50	48	-67636.415	51.797
811	Rb	62	37	-51121.143	4.031
812	Sr	61	38	-62521.401	4.741
813	Y	60	39	-70649.825	6.627
814	Zr	59	40	-77620.617	10.502
815	Nb	58	41	-82335.341	12.004
816	Mo	57	42	-85970.098	0.229
817	Tc	56	43	-87327.862	0.908
818	Ru	55	44	-87625.381	0.344
819	Rh	54	45	-85581.3	6.697
820	Pd	53	46	-82182.651	4.981
821	Ag	52	47	-76712.473	6.265
822	Cd	51	48	-69931.123	1.584
823	Rb	63	37	-46247.064	19.561
824	Sr	62	38	-59820.903	7.16
825	Y	61	39	-67327.396	11.186
826	Zr	60	40	-76377.437	8.149
827	Nb	59	41	-79797.399	7.986
828	Mo	58	42	-86193.025	0.302
829	Tc	57	43	-86020.945	1.351
830	Ru	56	44	-89227.389	0.343
831	Rh	55	45	-85591.126	18.125
832	Pd	54	46	-85212.778	17.638
833	Ag	53	47	-78137.959	5
834	Cd	52	48	-74194.596	1.677
835	In	51	49	-64312.972	182.519
836	Sn	50	50	-57282.972	301.518
837	Sr	63	38	-55324.907	8.48
838	Y	62	39	-65061.002	7.092
839	Zr	61	40	-73165.957	8.339
840	Nb	60	41	-78891.491	3.749
841	Mo	59	42	-83519.949	0.309
842	Tc	58	43	-86344.594	24.004
843	Ru	57	44	-87958.114	0.415
844	Rh	56	45	-87412.416	5.841
845	Pd	55	46	-85432.132	4.588
846	Ag	54	47	-81334.374	4.838
847	Cd	53	48	-75836.456	1.49
848	Sn	51	50	-60305.626	300.005
849	Sr	64	38	-52159.304	67.068
850	Y	63	39	-61173.177	4.077
851	Zr	62	40	-71587.707	8.767
852	Nb	61	41	-76304.544	2.545
853	Mo	60	42	-83566.061	8.312
854	Tc	59	43	-84572.878	9.166
855	Ru	58	44	-89106.437	0.418
856	Rh	57	45	-86783.318	6.41
857	Pd	56	46	-87903.171	0.554
858	Ag	55	47	-82246.691	8.171
859	Cd	54	48	-79659.691	1.662
860	In	53	49	-70694.884	4.573
861	Sn	52	50	-64934.884	100.105
862	Y	64	39	-58457.575	11.204
863	Zr	63	40	-67815.334	9.232
864	Nb	62	41	-75028.671	3.935
865	Mo	61	42	-80960.67	9.232
866	Tc	60	43	-84603.867	9.81
867	Ru	59	44	-87267.171	0.443
868	Rh	58	45	-88031.708	2.301
869	Pd	57	46	-87457.189	0.95
870	Ag	56	47	-84802.692	4.099
871	Cd	55	48	-80651.616	1.811
872	In	54	49	-74632.591	9.625
873	Sn	53	50	-66972.591	70.659
874	Zr	64	40	-65724.06	9.325
875	Nb	63	41	-71819.012	2.737
876	Mo	62	42	-80349.968	8.921
877	Tc	61	43	-82503.444	24.888
878	Ru	60	44	-88095.71	2.498
879	Rh	59	45	-86959.348	2.303
880	Pd	58	46	-89395.105	1.336
881	Ag	57	47	-85116.452	4.217
882	Cd	56	48	-83968.38	1.673
883	In	55	49	-76182.665	5.775
884	Sn	54	50	-71627.047	5.745
885	Sb	53	51	-59173.62	122.444
886	Y	66	39	-51270.361	1336.694
887	Zr	65	40	-61464.734	12.118
888	Nb	64	41	-69915.551	4.028
889	Mo	63	42	-77337.141	9.065
890	Tc	62	43	-82290.088	35.264
891	Ru	61	44	-85934.49	2.499
892	Rh	60	45	-87851.243	2.502
893	Pd	59	46	-88417.888	1.138
894	Ag	58	47	-87070.836	4.544
895	Cd	57	48	-84333.839	1.392
896	In	56	49	-79640.572	10.246
897	Sn	55	50	-73337.992	3.971
898	Sb	54	51	-64015.482	21.827
899	Te	53	52	-52811.51	300.02
900	Zr	66	40	-58549.987	433.145
901	Nb	65	41	-66203.357	4.122
902	Mo	64	42	-76134.528	9.14
903	Tc	63	43	-79776.223	12.25
904	Ru	62	44	-86323.223	5.391
905	Rh	61	45	-86362.627	5.39
906	Pd	60	46	-89907.527	1.106
907	Ag	59	47	-86942.383	3.016
908	Cd	58	48	-87132.138	1.104
909	In	57	49	-80608.134	12.226
910	Sn	56	50	-77353.687	5.091
911	Sb	55	51	-66473.292	7.452
912	Te	54	52	-58219.748	100.541
913	Zr	67	40	-54379.688	1122.45
914	Nb	66	41	-63723.81	8.023
915	Mo	65	42	-72551.56	9.233
916	Tc	64	43	-78749.914	8.673
917	Ru	63	44	-83862.512	8.673
918	Rh	62	45	-86863.703	12.051
919	Pd	61	46	-88372.639	1.201
920	Ag	60	47	-88406.67	2.382
921	Cd	59	48	-86990.261	1.665
922	In	58	49	-83564.261	11.125
923	Sn	57	50	-78512.228	5.31
924	Sb	56	51	-70653.239	4.148
925	Te	55	52	-60539.326	70.83
926	Nb	67	41	-59545.765	8.237
927	Mo	66	42	-70755.942	9.233
928	Tc	65	43	-75922.778	8.769
929	Ru	64	44	-83661.35	8.68
930	Rh	63	45	-85031.721	13.996
931	Pd	62	46	-89524.206	1.108
932	Ag	61	47	-87606.763	2.388
933	Cd	60	48	-89252.414	1.123
934	In	59	49	-84119.819	8.641
935	Sn	58	50	-82069.938	5.382
936	Sb	57	51	-72445.331	5.496
937	Te	56	52	-65781.667	5.411
938	I	55	53	-52649.605	132.26
939	Nb	68	41	-56689.794	258.49
940	Mo	67	42	-66665.996	11.188
941	Tc	66	43	-74282.775	9.669
942	Ru	65	44	-80738.401	8.954
943	Rh	64	45	-84999.455	4.039
944	Pd	63	46	-87606.476	1.114
945	Ag	62	47	-88719.426	1.287
946	Cd	61	48	-88504.321	1.536
947	In	60	49	-86489.511	3.969
948	Sn	59	50	-82630.184	7.949
949	Sb	58	51	-76250.977	5.265
950	Te	57	52	-67715.39	4.382
951	I	56	53	-57672.496	6.729
952	Xe	55	54	-46169.548	300.108
953	Nb	69	41	-52309.909	838.345
954	Mo	68	42	-64542.585	24.223
955	Tc	67	43	-71034.51	9.497
956	Ru	66	44	-80072.576	8.924
957	Rh	65	45	-82828.686	17.805
958	Pd	64	46	-88330.905	0.612
959	Ag	63	47	-87457.302	1.286
960	Cd	62	48	-90347.969	0.38
961	In	61	49	-86469.969	11.553
962	Sn	60	50	-85841.983	13.777
963	Sb	59	51	-77449.734	5.962
964	Te	58	52	-72229.811	6.575
965	I	57	53	-60464.176	50.552
966	Xe	56	54	-51922.625	100.988
967	Mo	69	42	-59939.761	12.578
968	Tc	68	43	-69024.622	10.581
969	Ru	67	44	-76785.271	9.682
970	Rh	66	45	-82304.452	6.85
971	Pd	65	46	-85985.888	0.731
972	Ag	64	47	-88215.447	1.459
973	Cd	63	48	-89252.247	0.357
974	In	62	49	-88392.043	3.424
975	Sn	61	50	-85938.587	5.336
976	Sb	60	51	-80836.736	8.849
977	Te	59	52	-73587.477	6.427
978	I	58	53	-64953.785	4.754
979	Xe	57	54	-54395.534	86.7
980	Tc	69	43	-65258.938	5.515
981	Ru	68	44	-75630.818	9.599
982	Rh	67	45	-79731.503	44.085
983	Pd	66	46	-86321.562	6.544
984	Ag	65	47	-86583.718	2.422
985	Cd	64	48	-90574.859	0.25
986	In	63	49	-87990.131	4.251
987	Sn	62	50	-88655.056	0.294
988	Sb	61	51	-81598.965	17.829
989	Te	60	52	-77567.508	8.383
990	I	59	53	-67063.33	10.246
991	Xe	58	54	-60026.338	8.283
992	Cs	57	55	-46290.277	86.796
993	Tc	70	43	-62811.541	3.353
994	Ru	69	44	-71868.119	36.875
995	Rh	68	45	-78767.536	7.13
996	Pd	67	46	-83591.092	6.945
997	Ag	66	47	-87026.822	16.643
998	Cd	65	48	-89043.284	0.244
999	In	64	49	-89367.117	0.188
1000	Sn	63	50	-88328.132	1.575
1001	Sb	62	51	-84416.968	17.193
1002	Te	61	52	-78347.029	27.945
1003	I	60	53	-71119.507	8.011
1004	Xe	59	54	-62203.618	6.84
1005	Cs	58	55	-51764.53	8.577
1006	Tc	71	43	-58600.288	433.145
1007	Ru	70	44	-70221.811	3.55
1008	Rh	69	45	-75710.625	71.561
1009	Pd	68	46	-83490.943	6.945
1010	Ag	67	47	-84930.8	4.564
1011	Cd	66	48	-90014.932	0.276
1012	In	65	49	-88569.801	0.301
1013	Sn	64	50	-90559.723	0.029
1014	Sb	63	51	-84496.574	21.838
1015	Te	62	52	-81888.569	27.945
1016	Xe	60	54	-67085.89	11.178
1017	Cs	59	55	-54682.261	71.102
1018	Ba	58	56	-45905.426	102.676
1019	Tc	72	43	-56319.99	789.441
1020	Ru	71	44	-66189.734	88.496
1021	Rh	70	45	-74229.831	7.316
1022	Pd	69	46	-80426.386	13.546
1023	Ag	68	47	-84982.654	18.268
1024	Cd	67	48	-88084.479	0.651
1025	In	66	49	-89536.346	0.012
1026	Sn	65	50	-90033.835	0.015
1027	Sb	64	51	-87003.403	16.025
1028	Te	63	52	-82062.759	27.945
1029	I	62	53	-76337.797	28.876
1030	Xe	61	54	-68656.748	12.109
1031	Ru	72	44	-64068.909	3.726
1032	Rh	71	45	-70736.122	73.832
1033	Pd	70	46	-79831.635	7.132
1034	Ag	69	47	-82542.653	3.26
1035	Cd	68	48	-88712.48	0.16
1036	In	67	49	-88249.749	0.22
1037	Sn	66	50	-91525.97	0.096
1038	Sb	65	51	-86822.15	5.16
1039	Te	64	52	-85268.961	27.945
1040	I	63	53	-77492.236	96.592
1041	Xe	62	54	-73046.724	13.041
1042	Ru	73	44	-59489.865	433.145
1043	Rh	72	45	-68897.373	8.892
1044	Pd	71	46	-76424.477	7.252
1045	Ag	70	47	-82182.014	13.572
1046	Cd	69	48	-86418.389	1.013
1047	In	68	49	-88943.042	4.881
1048	Sn	67	50	-90397.751	0.483
1049	Sb	66	51	-88639.539	8.437
1050	Te	65	52	-85095.411	13.456
1051	I	64	53	-80436.077	26.196
1052	Xe	63	54	-74185.337	10.378
1053	Cs	62	55	-66493.092	62.41
1054	Ba	61	56	-57457.753	250.34
1055	Rh	73	45	-64887.46	24.235
1056	Pd	72	46	-75388.746	2.491
1057	Ag	71	47	-79553.792	2.515
1058	Cd	70	48	-86701.641	20.001
1059	In	69	49	-87228.211	7.752
1060	Sn	68	50	-91652.853	0.499
1061	Sb	67	51	-87996.213	3.016
1062	Te	66	52	-87696.584	18.481
1063	I	65	53	-80971.048	19.76
1064	Xe	64	54	-78079.057	10.378
1065	Cs	63	55	-68409.367	12.753
1066	Rh	74	45	-62822.794	9.315
1067	Pd	73	46	-71407.902	8.245
1068	Ag	72	47	-78645.765	14.703
1069	Cd	71	48	-83977.068	37.695
1070	In	70	49	-87699.281	7.307
1071	Sn	69	50	-90065.022	0.725
1072	Sb	68	51	-89474.18	7.701
1073	Te	67	52	-87181.18	7.957
1074	I	66	53	-83765.53	27.945
1075	Xe	65	54	-78794.413	10.378
1076	Cs	64	55	-72305.051	13.94
1077	Ba	63	56	-64590.086	200.269
1078	Pd	74	46	-70280.05	2.291
1079	Ag	73	47	-75651.502	4.471
1080	Cd	72	48	-83957.354	3.726
1081	In	71	49	-85728.369	40.01
1082	Sn	70	50	-91098.369	0.896
1083	Sb	69	51	-88417.761	7.196
1084	Te	68	52	-89367.987	3.085
1085	I	67	53	-83752.987	15.314
1086	Xe	66	54	-82172.423	11.817
1087	Cs	65	55	-73888.639	9.97
1088	Ba	64	56	-68888.639	300.166
1089	Rh	76	45	-56250.128	619.444
1090	Pd	75	46	-66182.329	3.353
1091	Ag	74	47	-74402.821	12.109
1092	Cd	73	48	-81073.826	1.942
1093	In	72	49	-85835.974	27.414
1094	Sn	71	50	-89197.265	0.955
1095	Sb	70	51	-89600.321	2.582
1096	Te	69	52	-88545.502	25.85
1097	I	68	53	-86251.449	5.356
1098	Xe	67	54	-82480.986	10.243
1099	Cs	66	55	-77102.331	14.29
1100	Ba	65	56	-70744.837	141.898
1101	Pd	76	46	-64616.161	19.561
1102	Ag	75	47	-71106.108	38.191
1103	Cd	74	48	-80612.374	2.299
1104	In	73	49	-83572.741	50.057
1105	Sn	72	50	-89941.333	2.395
1106	Sb	71	51	-88335.37	2.578
1107	Te	70	52	-90314.46	1.507
1108	I	69	53	-86080.46	5.222
1109	Xe	68	54	-85354.977	11.111
1110	Cs	67	55	-78144.759	33.687
1111	Ba	66	56	-74608.944	27.945
1112	Pd	77	46	-60429.742	789.441
1113	Ag	76	47	-69548.078	30.739
1114	Cd	75	48	-77414.181	2.696
1115	In	74	49	-83430.353	19.827
1116	Sn	73	50	-87816.181	2.416
1117	Sb	72	51	-89224.069	1.506
1118	Te	71	52	-89172.156	1.505
1119	I	70	53	-87943.727	3.74
1120	Xe	69	54	-85248.701	9.537
1121	Cs	68	55	-81043.646	12.109
1122	Ba	67	56	-75654.953	12.109
1123	Ag	77	47	-66200.134	251.503
1124	Cd	76	48	-76701.672	2.995
1125	In	75	49	-80870.201	30.572
1126	Sn	74	50	-88234.193	1.014
1127	Sb	73	51	-87620.248	1.507
1128	Te	72	52	-90525.321	1.502
1129	I	71	53	-87365.734	2.39
1130	Xe	70	54	-87661.421	1.793
1131	Cs	69	55	-81731.334	8.304
1132	Ba	68	56	-79089.775	12.497
1133	La	67	57	-70258.61	56.669
1134	Ag	78	47	-64519.932	433.145
1135	Cd	77	48	-73348.095	2.885
1136	In	76	49	-80476.805	27.023
1137	Sn	75	50	-85896.376	1.033
1138	Sb	74	51	-88256.274	2.599
1139	Te	73	52	-89022.974	1.502
1140	I	72	53	-88837.204	1.504
1141	Xe	71	54	-87193.381	1.836
1142	Cs	70	55	-84087.95	7.744
1143	Ba	69	56	-79668.965	10.992
1144	La	68	57	-73759.484	25.997
1145	Cd	78	48	-72256.802	2.476
1146	In	77	49	-77772.908	26.921
1147	Sn	76	50	-86015.24	10.447
1148	Sb	75	51	-86393.24	31.767
1149	Te	74	52	-90065.348	1.504
1150	I	73	53	-87911.318	3.809
1151	Xe	72	54	-89146.962	3.5
1152	Cs	71	55	-84350.829	10.401
1153	Ba	70	56	-82669.902	12.497
1154	La	69	57	-74973.468	90.508
1155	Ce	68	58	-70820.558	27.945
1156	Cd	79	48	-68747.402	12.109
1157	In	78	49	-76896.184	21.157
1158	Sn	77	50	-83470.803	10.057
1159	Sb	76	51	-86699.477	5.126
1160	Te	75	52	-88281.678	1.514
1161	I	74	53	-88983.909	3.647
1162	Xe	73	54	-88321.56	4.11
1163	Cs	72	55	-86240.154	5.578
1164	Ba	71	56	-82817.944	11.357
1165	La	70	57	-77896.108	26
1166	Ce	69	58	-71979.336	28.876
1167	Cd	80	48	-67241.89	7.244
1168	In	79	49	-74145.941	153.479
1169	Sn	78	50	-83362.008	17.66
1170	Sb	77	51	-84630.286	19.119
1171	Te	76	52	-88993.716	0.866
1172	I	75	53	-87738.724	3.647
1173	Xe	74	54	-89860.298	1.061
1174	Cs	73	55	-85931.581	5.443
1175	Ba	72	56	-85378.497	5.195
1176	La	71	57	-78625.431	54.448
1177	Ce	70	58	-75533.917	27.945
1178	Pr	69	59	-66330.757	29.808
1179	Cd	81	48	-63058.046	16.767
1180	In	80	49	-72837.72	2.693
1181	Sn	79	50	-80590.903	17.277
1182	Sb	78	51	-84629.307	21.231
1183	Te	77	52	-87004.807	0.869
1184	I	76	53	-88507.125	3.168
1185	Xe	75	54	-88696.05896	0.00537
1186	Cs	74	55	-87499.246	4.555
1187	Ba	73	56	-85063.198	10.577
1188	La	72	57	-81324.573	21.351
1189	Ce	71	58	-76287.496	27.945
1190	Pr	70	59	-69773.558	29.808
1191	Cd	82	48	-61117.589	22.356
1192	In	81	49	-69883.206	38.046
1193	Sn	80	50	-80132.206	1.873
1194	Sb	79	51	-82285.676	14.212
1195	Te	78	52	-87352.949	0.011
1196	I	77	53	-86936.138	3.168
1197	Xe	76	54	-89880.463	0.009
1198	Cs	75	55	-86899.743	8.357
1199	Ba	74	56	-87261.544	2.553
1200	La	73	57	-81627.366	25.946
1201	Ce	72	58	-79422.905	27.945
1202	Pr	71	59	-71175.457	64.273
1203	Nd	70	60	-66596.232	27.945
1204	Cd	83	48	-55218.965	102.464
1205	In	82	49	-68025.03	2.701
1206	Sn	81	50	-77264.571	3.621
1207	Sb	80	51	-81981.401	2.084
1208	Te	79	52	-85211.012	0.061
1209	I	78	53	-87442.71	0.605
1210	Xe	77	54	-88413.558	0.009
1211	Cs	76	55	-88058.786	4.974
1212	Ba	75	56	-86683.731	2.569
1213	La	74	57	-83769.256	27.945
1214	Ce	73	58	-79708.44	32.802
1215	Pr	72	59	-74300.656	46.995
1216	Nd	71	60	-67768.033	27.517
1217	In	83	49	-62411.542	60.033
1218	Sn	82	50	-76546.542	1.976
1219	Sb	81	51	-79635.271	2.467
1220	Te	80	52	-85188.186	3.486
1221	I	79	53	-85703.49	4.065
1222	Xe	78	54	-89278.96179	0.00515
1223	Cs	77	55	-87152.681	1.036
1224	Ba	76	56	-88435.017	1.054
1225	La	75	57	-83723.65	36.359
1226	Ce	74	58	-82470.896	20.442
1227	Pr	73	59	-75227.456	28.876
1228	Nd	72	60	-71425.807	24.205
1229	Sn	83	50	-70873.88	1.904
1230	Sb	82	51	-78923.503	3.128
1231	Te	81	52	-82937.122	2.066
1232	I	80	53	-85858.26	6.427
1233	Xe	79	54	-87643.571	2.4
1234	Cs	78	55	-88070.931	0.008
1235	Ba	77	56	-87553.613	0.992
1236	La	76	57	-85494.383	27.945
1237	Ce	75	58	-82418.214	16.354
1238	Pr	74	59	-77937.581	12.497
1239	Nd	73	60	-72332.372	46.575
1240	Pm	72	61	-65407.646	50.301
1241	Sn	84	50	-66433.748	3.167
1242	Sb	83	51	-74020.542	1.705
1243	Te	82	52	-82533.741	2.746
1244	I	81	53	-84043.429	4.857
1245	Xe	80	54	-88125.822	0.009
1246	Cs	79	55	-86891.154	0.016
1247	Ba	78	56	-88949.853	0.304
1248	La	77	57	-85218.65	19.93
1249	Ce	76	58	-84832.889	20.387
1250	Pr	75	59	-78527.991	20.316
1251	Nd	74	60	-75646.432	11.817
1252	Pm	73	61	-66738.751	57.753
1253	Sn	85	50	-60632.244	3.074
1254	Sb	84	51	-69690.323	2.64
1255	Te	83	52	-77728.78	1.722
1256	I	82	53	-83779.145	2.061
1257	Xe	81	54	-86413.151	3.72
1258	Cs	80	55	-87581.643	0.992
1259	Ba	79	56	-87850.498	0.306
1260	La	78	57	-86643.317	9.434
1261	Ce	77	58	-84616.171	10.267
1262	Pr	76	59	-80935.861	11.817
1263	Nd	75	60	-76213.609	19.128
1264	Pm	74	61	-70052.075	75.451
1265	Sm	73	62	-62857.215	154.628
1266	Sb	85	51	-64506.88	5.83
1267	Te	84	52	-74425.269	2.281
1268	I	83	53	-79545.214	14.188
1269	Xe	82	54	-86429.159	0.007
1270	Cs	81	55	-86338.697	1.882
1271	Ba	80	56	-88886.921	0.306
1272	La	79	57	-86037.479	53.171
1273	Ce	78	58	-86508.372	0.408
1274	Pr	77	59	-81340.355	11.455
1275	Nd	76	60	-79199.287	11.817
1276	Pm	75	61	-71169.915	69.073
1277	Sm	74	62	-66810.89	12.497
1278	Sb	86	51	-60060.384	52.164
1279	Te	85	52	-69303.753	2.1
1280	I	84	53	-76356.258	8.383
1281	Xe	83	54	-82383.404	0.103
1282	Cs	82	55	-86545.606	0.358
1283	Ba	81	56	-87721.235	0.314
1284	La	80	57	-87140.688	1.659
1285	Ce	79	58	-85918.588	0.437
1286	Pr	78	59	-83201.693	8.137
1287	Nd	77	60	-79584.567	11.737
1288	Pm	76	61	-74072.848	13.041
1289	Sm	75	62	-68026.525	42.395
1290	Eu	74	63	-60145.895	4.378
1291	Sb	87	51	-54220.403	1064.232
1292	Te	86	52	-65695.985	3.787
1293	I	85	53	-71979.9	5.962
1294	Xe	84	54	-79972.233	2.804
1295	Cs	83	55	-82886.937	9.159
1296	Ba	82	56	-88261.638	0.317
1297	La	81	57	-86519.18	3.188
1298	Ce	80	58	-87570.922	4.931
1299	Pr	79	59	-83133.922	11.15
1300	Nd	78	60	-82018.31	11.601
1301	Pm	77	61	-74940.483	27.739
1302	Sm	76	62	-71497.762	11.817
1303	Eu	75	63	-61749.669	27.945
1304	Te	87	52	-60205.072	3.54
1305	I	86	53	-68470.954	4.005
1306	Xe	85	54	-75644.576	2.142
1307	Cs	84	55	-80700.921	3.14
1308	Ba	83	56	-84913.751	0.319
1309	La	82	57	-87226.212	2.009
1310	Ce	81	58	-86947.862	7.23
1311	Pr	80	59	-84818.798	7.809
1312	Nd	79	60	-82013.942	27.6
1313	Pm	78	61	-77500.481	13.593
1314	Sm	77	62	-72380.219	10.884
1315	Eu	76	63	-65398.042	13.151
1316	Te	88	52	-56576.228	62.41
1317	I	87	53	-63606.213	12.109
1318	Xe	86	54	-72986.451	2.329
1319	Cs	85	55	-77050.105	8.201
1320	Ba	84	56	-83269.354	7.933
1321	La	83	57	-84315.871	2.009
1322	Ce	82	58	-88076.089	1.596
1323	Pr	81	59	-84688.089	6.209
1324	Nd	80	60	-84258.912	3.447
1325	Pm	79	61	-78213.712	24.246
1326	Sm	78	62	-75455.935	12.497
1327	Eu	77	63	-66985.935	51.538
1328	Gd	76	64	-61782.271	27.945
1329	Tb	75	65	-50482.271	800.488
1330	I	88	53	-59926.657	15.835
1331	Xe	87	54	-68197.299	2.888
1332	Cs	86	55	-74477.523	9.195
1333	Ba	85	56	-79732.626	5.319
1334	La	84	57	-82931.636	4.219
1335	Ce	83	58	-85432.916	1.597
1336	Pr	82	59	-86015.644	1.665
1337	Nd	81	60	-84192.63	3.265
1338	Pm	80	61	-80522.921	13.972
1339	Sm	79	62	-75933.909	8.539
1340	Eu	78	63	-69925.629	12.639
1341	Gd	77	64	-63224.224	19.76
1342	Tb	76	65	-54540.837	105.259
1343	I	89	53	-54769.984	374.461
1344	Xe	88	54	-65229.639	2.701
1345	Cs	87	55	-70514.55	7.067
1346	Ba	86	56	-77842.264	5.92
1347	La	85	57	-80024.227	6.309
1348	Ce	84	58	-84533.188	2.509
1349	Pr	83	59	-83787.476	1.665
1350	Nd	82	60	-85949.98	1.368
1351	Pm	81	61	-81142.044	23.597
1352	Sm	80	62	-78986.47	3.079
1353	Eu	79	63	-71313.47	30.158
1354	Gd	78	64	-66959.515	27.945
1355	Tb	77	65	-56559.515	700.558
1356	Xe	89	54	-60202.873	4.657
1357	Cs	88	55	-67675.509	7.573
1358	Ba	87	56	-73937.197	6.756
1359	La	86	57	-78171.515	7.33
1360	Ce	85	58	-81606.671	2.508
1361	Pr	84	59	-83068.246	1.897
1362	Nd	83	60	-84002.234	1.367
1363	Pm	82	61	-82960.651	2.996
1364	Sm	81	62	-79517.152	2.804
1365	Eu	80	63	-74241.3	10.986
1366	Gd	79	64	-68231.3	200.301
1367	Tb	78	65	-60419.183	51.232
1368	Dy	77	66	-52168.941	13.041
1369	Xe	90	54	-56872.293	5.31
1370	Cs	89	55	-63271.353	20.132
1371	Ba	88	56	-71767.121	7.136
1372	La	87	57	-74849.652	12.937
1373	Ce	86	58	-80431.87	2.885
1374	Pr	85	59	-80750.517	2.762
1375	Nd	84	60	-83747.957	1.367
1376	Pm	83	61	-81416.093	2.964
1377	Sm	82	62	-81965.535	1.554
1378	Eu	81	63	-75619.133	10.789
1379	Gd	80	64	-71759.504	27.945
1380	Tb	79	65	-62368.181	27.945
1381	Dy	78	66	-56570.083	7.173
1382	Ho	77	67	-44609.513	8.477
1383	Xe	91	54	-51493.329	11.178
1384	Cs	90	55	-60054.415	9.067
1385	Ba	89	56	-67516.176	8.477
1386	La	88	57	-72835.317	12.269
1387	Ce	87	58	-77067.022	33.902
1388	Pr	86	59	-79625.94	7.169
1389	Nd	85	60	-81431.951	1.384
1390	Pm	84	61	-81267.474	2.859
1391	Sm	83	62	-80651.318	1.578
1392	Eu	82	63	-77991.507	3.106
1393	Gd	81	64	-72926.32	19.709
1394	Tb	80	65	-66388.411	109.174
1395	Dy	79	66	-58242.599	6.52
1396	Ho	78	67	-49120.105	7.452
1397	Xe	92	54	-47954.943	24.219
1398	Cs	91	55	-55310.372	2.893
1399	Ba	90	56	-64947.086	20.863
1400	La	89	57	-69050.283	33.616
1401	Ce	88	58	-75635.389	16.306
1402	Pr	87	59	-76681.006	34.816
1403	Nd	86	60	-80925.867	1.386
1404	Pm	85	61	-79454.309	4.308
1405	Sm	84	62	-80996.309	3.092
1406	Eu	83	63	-77117.541	6.026
1407	Gd	82	64	-76085.783	4.108
1408	Tb	81	65	-67763.61	44.862
1409	Dy	80	66	-62554.918	6.695
1410	Ho	79	67	-51238.219	6.587
1411	Er	78	68	-44322.012	6.705
1412	Cs	92	55	-51920.064	8.383
1413	Ba	91	56	-60264.029	19.748
1414	La	90	57	-66678.39	10.712
1415	Ce	89	58	-72013.891	8.58
1416	Pr	88	59	-75444.067	15.857
1417	Nd	87	60	-78146.748	1.388
1418	Pm	86	61	-79042.26	1.399
1419	Sm	85	62	-79266.354	1.372
1420	Eu	84	63	-77544.756	2.63
1421	Gd	83	64	-75356.945	1.965
1422	Tb	82	65	-70742.665	8.1
1423	Dy	81	66	-64196.038	8.849
1424	Ho	80	67	-55757.092	5.001
1425	Er	79	68	-46607.807	38.191
1426	Tm	78	69	-35974.4	6.839
1427	Cs	93	55	-46910.942	13.041
1428	Ba	92	56	-57593.735	63.079
1429	La	91	57	-62708.735	19.468
1430	Ce	90	58	-70398.408	11.195
1431	Pr	89	59	-72535.424	15.043
1432	Nd	88	60	-77407.996	2.127
1433	Pm	87	61	-76865.716	5.723
1434	Sm	86	62	-79336.264	1.367
1435	Eu	85	63	-76299.331	10.013
1436	Gd	84	64	-76269.329	1.554
1437	Tb	83	65	-70537.082	12.464
1438	Dy	82	66	-67859.55	8.724
1439	Ho	81	67	-57991.158	83.834
1440	Er	80	68	-51478.989	10.246
1441	Tm	79	69	-38765.027	10.246
1442	Ba	93	56	-53120.309	437.802
1443	La	92	57	-60219.913	200.262
1444	Ce	91	58	-66669.913	10.246
1445	Pr	90	59	-71039.366	9.874
1446	Nd	89	60	-74375.466	2.128
1447	Pm	88	61	-76064.256	2.267
1448	Sm	87	62	-77135.737	1.311
1449	Eu	86	63	-76441.112	3.951
1450	Gd	85	64	-75127.011	3.36
1451	Tb	84	65	-71488.669	3.667
1452	Dy	83	66	-67695.909	9.221
1453	Ho	82	67	-61646.578	11.99
1454	Er	81	68	-53741.615	27.945
1455	La	93	57	-56129.966	435.473
1456	Ce	92	58	-64846.854	11.697
1457	Pr	91	59	-68300.479	9.015
1458	Nd	90	60	-73679.755	1.289
1459	Pm	89	61	-73597.139	20.041
1460	Sm	88	62	-77051.139	1.274
1461	Eu	87	63	-74792.234	6.253
1462	Gd	86	64	-75763.934	6.076
1463	Tb	85	65	-71105.721	7.384
1464	Dy	84	66	-69309.6	4.348
1465	Ho	83	67	-61945.881	14.168
1466	Er	82	68	-57831.313	17.195
1467	La	94	57	-53310.333	435.473
1468	Ce	93	58	-61225.052	17.698
1469	Pr	92	59	-66779.63	11.651
1470	Nd	91	60	-70942.988	1.293
1471	Pm	90	61	-73386.063	4.653
1472	Sm	89	62	-74576.279	1.273
1473	Eu	88	63	-74652.854	1.325
1474	Gd	87	64	-74188.737	3.056
1475	Tb	86	65	-71623.504	4.137
1476	Dy	85	66	-68752.405	3.293
1477	Ho	84	67	-63622.738	8.302
1478	Er	83	68	-58266.284	16.47
1479	Tm	82	69	-50772.756	19.416
1480	Yb	81	70	-41542.342	300.492
1481	Pr	93	59	-63758.063	18.537
1482	Nd	92	60	-70149.407	24.485
1483	Pm	91	61	-71254.186	25.912
1484	Sm	90	62	-74762.603	1.212
1485	Eu	89	63	-72888.255	1.326
1486	Gd	88	64	-74706.916	1.206
1487	Tb	87	65	-70716.916	40.018
1488	Dy	86	66	-70117.873	4.624
1489	Ho	85	67	-63604.771	12.529
1490	Er	84	68	-60500.377	8.83
1491	Tm	83	69	-51720.273	54.027
1492	Yb	82	70	-46270.381	149.708
1493	Pr	94	59	-61568.463	11.882
1494	Nd	93	60	-67330.297	2.747
1495	Pm	92	61	-70647.824	9.066
1496	Sm	91	62	-72559.686	1.219
1497	Eu	90	63	-73367.222	1.33
1498	Gd	89	64	-72882.551	1.203
1499	Tb	88	65	-71313.338	3.995
1500	Dy	87	66	-69142.943	4.048
1501	Ho	86	67	-65012.103	5.094
1502	Er	85	68	-60468.604	9.321
1503	Tm	84	69	-53973.329	11.983
1504	Lu	82	71	-38372.844	150.034
1505	Pr	95	59	-58104.976	113.009
1506	Nd	94	60	-65824.976	52.642
1507	Pm	93	61	-68511.976	46.326
1508	Sm	92	62	-72455.176	1.462
1509	Eu	91	63	-71738.121	1.346
1510	Gd	90	64	-73705.954	1.197
1511	Tb	89	65	-70156.303	45.314
1512	Dy	88	66	-70393.907	7.445
1513	Ho	87	67	-64639.311	8.228
1514	Er	86	68	-62605.02	4.986
1515	Tm	85	69	-54427.131	14.412
1516	Yb	84	70	-49932.083	17.281
1517	Pr	96	59	-55415.268	17.198
1518	Nd	95	60	-62283.724	9.153
1519	Pm	94	61	-66939.931	4.718
1520	Sm	93	62	-70190.819	1.487
1521	Eu	92	63	-71818.092	1.401
1522	Gd	91	64	-72069.88	1.191
1523	Tb	90	65	-71250.05	9.849
1524	Dy	89	66	-69155.55	9.665
1525	Ho	88	67	-66039.539	17.474
1526	Er	87	68	-62209.189	6.098
1527	Tm	86	69	-56625.913	9.925
1528	Yb	85	70	-50502.608	16.6
1529	Lu	84	71	-42545.047	19.246
1530	Nd	96	60	-60473.644	200.033
1531	Pm	95	61	-64163.644	3.631
1532	Sm	94	62	-69360.43	8.546
1533	Eu	93	63	-70082.548	3.59
1534	Gd	92	64	-72534.914	1.19
1535	Tb	91	65	-70090.797	3.814
1536	Dy	90	66	-70528.964	1.194
1537	Ho	89	67	-65478.964	60.012
1538	Er	88	68	-64211.709	24.629
1539	Tm	87	69	-56834.55	14.279
1540	Yb	86	70	-53265.721	9.308
1541	Lu	85	71	-43699.544	54.122
1542	Hf	84	72	-37816.896	149.757
1543	Nd	97	60	-56461.543	24.918
1544	Pm	96	61	-62297.043	7.006
1545	Sm	95	62	-66677.577	4.433
1546	Eu	94	63	-69458.908	4.259
1547	Gd	93	64	-70823.473	1.189
1548	Tb	92	65	-70763.43	1.222
1549	Dy	91	66	-69424.558	5.177
1550	Ho	90	67	-66832.832	23.469
1551	Er	89	68	-63413.639	26.505
1552	Tm	88	69	-58709.273	27.945
1553	Yb	87	70	-53421.898	10.92
1554	Lu	86	71	-46440.523	12.078
1555	Ta	84	73	-29593.33	150.069
1556	Pm	97	61	-59089.209	13.453
1557	Sm	96	62	-65250.243	4.892
1558	Eu	95	63	-67255.188	10.255
1559	Gd	94	64	-70689.546	1.189
1560	Tb	93	65	-69470.668	1.401
1561	Dy	92	66	-70407.349	2.365
1562	Ho	91	67	-66187.593	27.108
1563	Er	90	68	-65303.808	25.219
1564	Tm	89	69	-58703.194	25.219
1565	Yb	88	70	-56010.237	7.994
1566	Lu	87	71	-47212.19	15.125
1567	Hf	86	72	-42102.39	17.494
1568	Pm	98	61	-56554.28	10.039
1569	Sm	97	62	-62207.775	5.934
1570	Eu	96	63	-66043.285	4.325
1571	Gd	95	64	-68561.436	1.192
1572	Tb	94	65	-69532.363	1.256
1573	Dy	93	66	-69167.134	1.528
1574	Ho	92	67	-67329.534	3.088
1575	Er	91	68	-64561.034	3.679
1576	Tm	90	69	-60570.398	27.945
1577	Yb	89	70	-55838.606	17.794
1578	Lu	88	71	-49708.604	37.663
1579	Hf	87	72	-42852.6	16.813
1580	Ta	86	73	-34439.148	19.689
1581	Sm	98	62	-60234.793	5.934
1582	Eu	97	63	-63480.463	9.501
1583	Gd	96	64	-67941.741	1.278
1584	Tb	95	65	-67836.257	1.262
1585	Dy	94	66	-69672.73	0.772
1586	Ho	93	67	-66382.73	15.02
1587	Er	92	68	-66064.228	24.254
1588	Tm	91	69	-60302.028	34.262
1589	Yb	90	70	-58162.706	7.233
1590	Lu	89	71	-50269.937	56.821
1591	Hf	88	72	-45938.943	9.541
1592	Ta	87	73	-35823.695	54.316
1593	W	86	74	-29326.455	149.827
1594	Sm	99	62	-56671.962	6.817
1595	Eu	98	63	-61791.524	10.399
1596	Gd	97	64	-65505.824	1.622
1597	Tb	96	65	-67461.589	1.35
1598	Dy	95	66	-68055.801	0.768
1599	Ho	94	67	-67197.27	2.242
1600	Er	93	68	-65201.608	8.78
1601	Tm	92	69	-61898.708	27.945
1602	Yb	91	70	-57839.4	15.354
1603	Lu	90	71	-52562.344	27.945
1604	Hf	89	72	-46314.672	22.551
1605	Ta	88	73	-38778.997	24.382
1606	Re	86	75	-20840.203	149.922
1607	Eu	99	63	-58703.401	35.229
1608	Gd	98	64	-64280.401	4.009
1609	Tb	97	65	-65675.958	36.372
1610	Dy	96	66	-68181.478	0.767
1611	Ho	95	67	-66041.541	3.166
1612	Er	94	68	-66334.519	0.822
1613	Tm	93	69	-61477.791	26.06
1614	Yb	92	70	-59826.347	15.359
1615	Lu	91	71	-52831.753	75.036
1616	Hf	90	72	-49169.008	8.968
1617	Ta	89	73	-39780.194	52.238
1618	W	88	74	-33999.207	17.658
1619	Eu	100	63	-56484.886	65.544
1620	Gd	99	64	-61313.886	8.426
1621	Tb	98	65	-64596.071	4.073
1622	Dy	97	66	-66381.17	0.765
1623	Ho	96	67	-66378.335	0.765
1624	Er	95	68	-65167.723	4.639
1625	Tm	94	69	-62728.723	5.524
1626	Yb	93	70	-59299.094	15.364
1627	Lu	92	71	-54791.409	27.945
1628	Hf	91	72	-49263.682	24.778
1629	Ta	90	73	-42534.629	38.061
1630	W	89	74	-34908.193	52.751
1631	Re	88	75	-26002.244	18.534
1632	Tb	99	65	-62077.965	100.003
1633	Dy	98	66	-65967.965	0.767
1634	Ho	97	67	-64981.503	1.528
1635	Er	96	68	-65942.89	0.775
1636	Tm	95	69	-61904.035	24.394
1637	Yb	94	70	-61017.418	15.369
1638	Lu	93	71	-54642.37	27.945
1639	Hf	92	72	-51818.505	15.82
1640	Ta	91	73	-43282.8	27.945
1641	W	90	74	-38235.759	9.674
1642	Re	89	75	-27472.436	54.555
1643	Os	88	76	-20422.106	149.919
1644	Dy	99	66	-63612.606	0.769
1645	Ho	98	67	-64899.006	1.01
1646	Er	97	68	-64521.61	0.964
1647	Tm	96	69	-62929.621	1.671
1648	Yb	95	70	-60295.382	26.539
1649	Lu	94	71	-56442.242	26.539
1650	Hf	93	72	-51635.507	27.945
1651	Ta	92	73	-45847.853	13.863
1652	W	91	74	-38861.022	24.977
1653	Re	90	75	-30659.776	23.594
1654	Tb	101	65	-57884.789	70.005
1655	Dy	100	66	-62584.789	0.867
1656	Ho	99	67	-63071.329	1.01
1657	Er	98	68	-64926.042	1.165
1658	Tm	97	69	-61888.375	11.606
1659	Yb	96	70	-61595.74	7.101
1660	Lu	95	71	-56020.981	29.808
1661	Hf	94	72	-53858.983	27.945
1662	Ta	93	73	-46097.775	27.945
1663	W	92	74	-41888.031	9.478
1664	Re	91	75	-31893.478	72.31
1665	Os	90	76	-25431.517	17.966
1666	Dy	101	66	-59930.626	60.228
1667	Ho	100	67	-62280.626	5.234
1668	Er	99	68	-63291.18	1.166
1669	Tm	98	69	-62543.641	1.298
1670	Yb	97	70	-60590.576	3.981
1671	Lu	96	71	-57501.125	31.671
1672	Hf	95	72	-53467.756	27.945
1673	Ta	94	73	-48351.059	27.945
1674	W	93	74	-42098.058	18.261
1675	Os	91	76	-26501.993	72.682
1676	Ir	90	77	-17072.44	18.346
1677	Dy	102	66	-58559.566	140.009
1678	Ho	101	67	-60061.171	30.023
1679	Er	100	68	-62991.171	1.168
1680	Tm	99	69	-61312.921	1.709
1681	Yb	98	70	-61581.901	1.195
1682	Lu	97	71	-57067.85	39.266
1683	Hf	96	72	-55360.552	27.945
1684	Ta	95	73	-48393.908	27.945
1685	W	94	74	-44893.109	13.271
1686	Re	93	75	-35794.885	30.821
1687	Os	92	76	-29995.213	9.904
1688	Ir	91	77	-18666.226	55.216
1689	Pt	90	78	-11007.46	149.951
1690	Dy	103	66	-55597.177	300.67
1691	Ho	102	67	-58797.177	20.06
1692	Er	101	68	-60923.104	1.179
1693	Tm	100	69	-61275.212	0.812
1694	Yb	99	70	-60377.563	1.205
1695	Lu	98	71	-58084.563	3.233
1696	Hf	97	72	-54716.889	27.945
1697	Ta	96	73	-50290.43	27.945
1698	W	95	74	-44917.873	15.436
1699	Re	94	75	-38409.232	11.374
1700	Os	93	76	-30722.691	25.167
1701	Ir	92	77	-22093.839	23.308
1702	Ho	103	67	-56238.681	50.024
1703	Er	102	68	-60108.681	1.546
1704	Tm	101	69	-59795.853	0.801
1705	Yb	100	70	-60763.919	0.01
1706	Lu	99	71	-57306.224	16.843
1707	Hf	98	72	-56253.854	27.945
1708	Ta	97	73	-50137.665	27.945
1709	W	96	74	-47290.832	13.195
1710	Re	95	75	-38913.193	23.109
1711	Os	94	76	-33926.247	9.773
1712	Pt	92	78	-16299.193	18.247
1713	Ho	104	67	-54518.956	600.002
1714	Er	103	68	-57718.956	1.557
1715	Tm	102	69	-59210.298	0.972
1716	Yb	101	70	-59306.81	0.013
1717	Lu	100	71	-57828.395	1.862
1718	Hf	99	72	-55431.345	28.876
1719	Ta	98	73	-51720.273	27.945
1720	W	97	74	-47086.09	27.945
1721	Re	96	75	-41250.28	27.945
1722	Os	95	76	-34301.942	17.823
1723	Ir	94	77	-26412.025	38.466
1724	Pt	93	78	-17469.702	72.747
1725	Au	92	79	-7562.295	20.713
1726	Er	104	68	-56483.612	4.008
1727	Tm	103	69	-57374.379	5.503
1728	Yb	102	70	-59255.446	0.014
1729	Lu	101	71	-56735.98	2.336
1730	Hf	100	72	-56402.226	24.428
1731	Ta	99	73	-51329.977	27.945
1732	W	98	74	-49097.186	27.945
1733	Re	97	75	-41537.106	38.995
1734	Os	96	76	-37243.842	12.782
1735	Ir	95	77	-27379.369	32.402
1736	Pt	94	78	-21106.92	10.377
1737	Au	93	79	-9318.006	56.158
1738	Hg	92	80	-1058.744	150.079
1739	Tm	104	69	-56256.059	4.4
1740	Yb	103	70	-57551.225	0.011
1741	Lu	102	71	-56880.916	1.567
1742	Hf	101	72	-55411.784	27.945
1743	Ta	100	73	-52396.538	27.945
1744	W	99	74	-48727.383	27.945
1745	Re	98	75	-43553.865	27.945
1746	Os	97	76	-37438.257	14.959
1747	Ir	96	77	-30268.435	11.026
1748	Pt	95	78	-21942.911	55.977
1749	Au	94	79	-12832.44	22.784
1750	Tm	105	69	-53864.512	44.721
1751	Yb	104	70	-56944.512	0.011
1752	Lu	103	71	-55570.195	1.567
1753	Hf	102	72	-55844.481	2.259
1754	Ta	101	73	-51740.766	27.945
1755	W	100	74	-50227.088	27.945
1756	Re	99	75	-43673.096	27.945
1757	Os	98	76	-39995.416	10.254
1758	Ir	97	77	-30863.492	24.322
1759	Pt	96	78	-25318.163	10.351
1760	Hg	94	80	-6641.009	19.211
1761	Tm	106	69	-52310.549	50
1762	Yb	105	70	-54695.549	0.071
1763	Lu	104	71	-55165.582	1.207
1764	Hf	103	72	-54481.662	2.282
1765	Ta	102	73	-52408.647	27.945
1766	W	101	74	-49632.795	27.945
1767	Re	100	75	-45288.307	27.945
1768	Os	99	76	-40105.376	11.775
1769	Ir	98	77	-33394.506	12.384
1770	Pt	97	78	-25713.466	18.185
1771	Au	96	79	-17403.955	38.64
1772	Hg	95	80	-7972.576	72.896
1773	Tm	107	69	-49371.314	100
1774	Yb	106	70	-53491.314	0.015
1775	Lu	105	71	-53382.236	1.212
1776	Hf	104	72	-54576.321	1.481
1777	Ta	103	73	-51365.374	30.739
1778	W	102	74	-50641.603	27.945
1779	Re	101	75	-45062.885	27.945
1780	Os	100	76	-42097.94	27.945
1781	Ir	99	77	-33878.326	16.75
1782	Pt	98	78	-28933.867	12.724
1783	Au	97	79	-18520.963	33.185
1784	Hg	96	80	-11784.95	11.119
1785	Tl	95	81	581.594	75.086
1786	Yb	107	70	-50986.397	0.22
1787	Lu	106	71	-52383.806	1.22
1788	Hf	105	72	-52880.616	1.408
1789	Ta	104	73	-51714.616	3.314
1790	W	103	74	-49701.726	27.945
1791	Re	102	75	-46269.17	27.945
1792	Os	101	76	-41956.462	14.613
1793	Ir	100	77	-36047.421	19.76
1794	Pt	99	78	-29370.444	14.988
1795	Au	98	79	-21545.103	10.496
1796	Hg	97	80	-12782.542	75.056
1797	Tl	96	81	-3340.526	21.629
1798	Yb	108	70	-49695.475	10
1799	Lu	107	71	-50337.784	2.251
1800	Hf	106	72	-52435.236	1.412
1801	W	104	74	-50406.936	15.199
1802	Re	103	75	-45653.453	27.945
1803	Os	102	76	-43544.27	13.632
1804	Ir	101	77	-36251.884	19.76
1805	Pt	100	78	-31997.519	10.133
1806	Au	99	79	-22303.743	10.086
1807	Hg	98	80	-16315.901	10.77
1808	Pb	96	82	3574.294	23.963
1809	Lu	108	71	-49058.918	5.15
1810	Hf	107	72	-50462.907	1.413
1811	Ta	106	73	-50357.323	1.463
1812	W	105	74	-49295.127	14.573
1813	Re	104	75	-46584.28	24.639
1814	Os	103	76	-43019.495	16.504
1815	Ir	102	77	-38081.714	9.771
1816	Pt	101	78	-32268.145	7.977
1817	Au	100	79	-24988.567	11.696
1818	Hg	99	80	-16928.134	27.267
1819	Tl	98	81	-8268.495	38.793
1820	Pb	97	82	2050.639	75.59
1821	Lu	109	71	-46676.348	70.725
1822	Hf	108	72	-49779.348	1.419
1823	Ta	107	73	-48932.877	1.939
1824	W	106	74	-49636.115	1.436
1825	Re	105	75	-45837.359	21.392
1826	Os	104	76	-44357.81	16.391
1827	Ir	103	77	-37977.526	21.706
1828	Pt	102	78	-34435.877	10.974
1829	Au	101	79	-25625.509	4.786
1830	Hg	100	80	-20250.447	12.649
1831	Tl	99	81	-9386.647	60.01
1832	Pb	98	82	-1941.38	12.396
1833	Lu	110	71	-44797.41	125.752
1834	Hf	109	72	-47402.831	1.42
1835	Ta	108	73	-48438.311	1.403
1836	W	107	74	-48233.818	1.445
1837	Re	106	75	-46517.391	12.549
1838	Os	105	76	-43549.963	25.338
1839	Ir	104	77	-39463.028	5.245
1840	Pt	103	78	-34381.511	13.689
1841	Au	102	79	-27871.136	19.976
1842	Hg	101	80	-20661.136	15.382
1843	Tl	100	81	-12798.735	9.108
1844	Pb	99	82	-3117.35	75.411
1845	Hf	110	72	-46049.508	6.165
1846	Ta	109	73	-46429.934	1.405
1847	W	108	74	-48246.06	0.738
1848	Re	107	75	-45446.06	101.983
1849	Os	106	76	-44609.104	21.745
1850	Ir	105	77	-39051.679	20.967
1851	Pt	104	78	-36168.449	13.095
1852	Au	103	79	-28300.768	20.26
1853	Hg	102	80	-23576.922	9.79
1854	Tl	101	81	-13327.927	11.839
1855	Pb	100	82	-6825.112	12.098
1856	Lu	112	71	-39716.11	80.108
1857	Hf	111	72	-43282.796	30.034
1858	Ta	110	73	-45292.796	1.419
1859	W	109	74	-46365.58	0.737
1860	Re	108	75	-45809.58	8.034
1861	Os	107	76	-43664.043	49.76
1862	Ir	106	77	-40203.311	24.398
1863	Pt	105	78	-35772.487	15.533
1864	Au	104	79	-30191.483	9.423
1865	Hg	103	80	-23804.674	7.084
1866	Tl	102	81	-16587.257	9.331
1867	Pb	101	82	-7575.218	28.151
1868	Hf	112	72	-41499.373	39.706
1869	Ta	111	73	-42839.373	26.01
1870	W	110	74	-45705.373	0.731
1871	Re	109	75	-44219.634	4.275
1872	Os	108	76	-44252.533	0.827
1873	Ir	107	77	-39610.851	27.945
1874	Pt	106	78	-37334.243	15.584
1875	Au	105	79	-30318.71	22.275
1876	Hg	104	80	-26348.965	10.062
1877	Tl	103	81	-16883.242	10.02
1878	Pb	102	82	-11051.522	12.806
1879	Bi	101	83	1063.068	78.11
1880	Hf	113	72	-38319.8	64.273
1881	Ta	112	73	-41394.293	14.161
1882	W	111	74	-43387.793	0.733
1883	Re	110	75	-43819.027	0.818
1884	Os	109	76	-42805.88	0.83
1885	Ir	108	77	-40335.553	27.945
1886	Pt	107	78	-36688.14	25.832
1887	Au	106	79	-31858.143	2.608
1888	Hg	105	80	-26183.666	13.639
1889	Tl	104	81	-19757.741	20.674
1890	Pb	103	82	-11541.22	16.175
1891	Hf	114	72	-36424.21	51.232
1892	Ta	113	73	-38607.528	60.012
1893	W	112	74	-42508.528	1.212
1894	Re	111	75	-41927.086	0.826
1895	Os	110	76	-42999.943	0.761
1896	Ir	109	77	-39172.346	16.526
1897	Pt	108	78	-37864.443	21.745
1898	Au	107	79	-31714.852	20.967
1899	Hg	106	80	-28539.097	11.65
1900	Tl	105	81	-19886.613	22.356
1901	Pb	104	82	-14682.026	11.363
1902	Bi	103	83	-3146.212	16.857
1903	Po	102	84	4100.974	18.286
1904	Ta	114	73	-36895.546	55.89
1905	W	113	74	-39903.97	1.212
1906	Re	112	75	-41216.478	0.736
1907	Os	111	76	-41218.945	0.736
1908	Ir	110	77	-39549.372	27.945
1909	Pt	109	78	-36685.05	24.048
1910	Au	108	79	-33027.838	22.308
1911	Hg	107	80	-28117.93	13.905
1912	Tl	106	81	-22444.587	8.048
1913	Pb	105	82	-14986.959	5.094
1914	Bi	104	83	-6383.271	10.005
1915	Po	103	84	2828.597	31.898
1916	Ta	115	73	-33612.03	54.958
1917	W	114	74	-38667.811	3.089
1918	Re	113	75	-39016.811	0.738
1919	Os	112	76	-41137.233	0.734
1920	Ir	111	77	-38344.907	9.423
1921	Pt	110	78	-37820.929	5.304
1922	Au	109	79	-32371.308	2.701
1923	Hg	108	80	-30201.914	12.275
1924	Tl	107	81	-22336.4	29.904
1925	Pb	106	82	-17815.202	10.622
1926	Bi	105	83	-7194.687	11.187
1927	Po	104	84	-544.313	19.973
1928	W	115	74	-35617.536	40.054
1929	Re	114	75	-37979.043	8.191
1930	Os	113	76	-38986.745	0.666
1931	Ir	112	77	-38449.586	12.576
1932	Pt	111	78	-36469.348	10.09
1933	Au	110	79	-33581.955	20.081
1934	Hg	109	80	-29626.401	31.553
1935	Tl	108	81	-24616.1	8.368
1936	Pb	107	82	-17844.035	14.062
1937	Bi	106	83	-10064.66	20.851
1938	Po	105	84	-1422.005	22.059
1939	W	116	74	-34382.313	39.726
1940	Re	115	75	-35635.83	70.852
1941	Os	114	76	-38707.771	0.65
1942	Ir	113	77	-36753.544	1.37
1943	Pt	112	78	-37306.45	0.657
1944	Au	111	79	-32833.533	3.447
1945	Hg	110	80	-31370.697	15.907
1946	Tl	109	81	-24372.027	7.948
1947	Pb	108	82	-20416.645	12.514
1948	Bi	107	83	-10599.579	22.562
1949	Po	106	84	-4563.837	13.465
1950	W	117	74	-31176.173	41.917
1951	Re	116	75	-34350.296	10.265
1952	Os	115	76	-36395.185	0.659
1953	Ir	114	77	-36708.756	1.311
1954	Pt	113	78	-35698.237	4.127
1955	Au	112	79	-33797.904	4.926
1956	Hg	111	80	-30591.896	22.28
1957	Tl	110	81	-26282.945	7.349
1958	Pb	109	82	-20231.118	37.26
1959	Bi	108	83	-13239.347	7.487
1960	Po	107	84	-5068.735	7.103
1961	At	106	85	3863.917	16.103
1962	Re	117	75	-31588.825	70.794
1963	Os	116	76	-35882.191	2.315
1964	Ir	115	77	-34835.561	1.314
1965	Pt	114	78	-36288.457	2.57
1966	Au	113	79	-32772.116	15.827
1967	Hg	112	80	-32011.553	15.537
1968	Tl	111	81	-25872.246	31.671
1969	Pb	110	82	-22556.02	13.295
1970	Bi	109	83	-13534.535	30.112
1971	Po	108	84	-8070.661	11.11
1972	At	107	85	2925.854	27.876
1973	Re	118	75	-30231.638	39.123
1974	Os	117	76	-33394.289	2.321
1975	Ir	116	77	-34536.235	1.328
1976	Pt	115	78	-34479.608	1.359
1977	Au	114	79	-33404.821	8.674
1978	Hg	113	80	-31062.179	15.505
1979	Tl	112	81	-27477.212	6.707
1980	Pb	111	82	-22194.49	49.577
1981	Bi	110	83	-15884.559	7.576
1982	Po	109	84	-8325.318	14.531
1983	At	108	85	-67.32	21.632
1984	Rn	107	86	9042.911	25.112
1985	Os	118	76	-32435.108	2.403
1986	Ir	117	77	-32531.708	1.332
1987	Pt	116	78	-34760.07	0.496
1988	Au	115	79	-32211.936	2.118
1989	Hg	114	80	-32183.945	2.888
1990	Tl	113	81	-26937.491	13.972
1991	Pb	112	82	-24207.94	17.435
1992	Bi	111	83	-16028.811	6.178
1993	Po	110	84	-11004.655	12.911
1994	At	109	85	-720.163	24.931
1995	Rn	108	86	5723.495	16.899
1996	Os	119	76	-29511.593	55.89
1997	Ir	118	77	-31692.251	1.333
1998	Pt	117	78	-32793.849	0.503
1999	Au	116	79	-32567.031	1.119
2000	Hg	115	80	-31013.393	23.142
2001	Tl	114	81	-28155.248	11.093
2002	Pb	113	82	-23707.693	17.96
2003	Bi	112	83	-18025.561	5.287
2004	Po	111	84	-11056.259	37.364
2005	At	110	85	-3470.295	9.573
2006	Rn	109	86	5050.281	50.502
2007	Os	120	76	-28277.105	40.055
2008	Ir	119	77	-29435.493	38.414
2009	Pt	118	78	-32644.51	0.51
2010	Au	117	79	-31138.706	2.962
2011	Hg	116	80	-31825.941	2.946
2012	Tl	115	81	-27496.592	12.109
2013	Pb	114	82	-25348.312	7.71
2014	Bi	113	83	-18009.031	24.428
2015	Po	112	84	-13473.042	13.512
2016	At	111	85	-3914.677	30.284
2017	Rn	110	86	1970.991	14.417
2018	Ir	120	77	-28264.105	20.11
2019	Pt	119	78	-30419.75	0.536
2020	Au	118	79	-31139.738	0.542
2021	Hg	117	80	-30540.229	3.207
2022	Tl	116	81	-28341.649	16.325
2023	Pb	115	82	-24745.401	4.804
2024	Bi	114	83	-19687.191	8.333
2025	Po	113	84	-13357.99	49.679
2026	At	112	85	-6355.25	7.983
2027	Rn	111	86	1510.353	16.193
2028	Fr	110	87	10253.971	54.404
2029	Pt	120	78	-29903.999	2.1
2030	Au	119	79	-29580.781	0.54
2031	Hg	118	80	-30954.31	0.458
2032	Tl	117	81	-27528.746	7.545
2033	Pb	116	82	-26067.489	8.75
2034	Bi	115	83	-19369.486	27.945
2035	Po	114	84	-15473.352	17.424
2036	At	113	85	-6714.513	5.868
2037	Rn	112	86	-1230.358	13.42
2038	Fr	111	87	9574.024	32.222
2039	Ir	122	77	-24398.515	41.054
2040	Pt	121	78	-27388.682	2.159
2041	Au	120	79	-29093.741	0.542
2042	Hg	119	80	-29546.068	0.526
2043	Tl	118	81	-28059.394	27.945
2044	Pb	117	82	-25231.804	9.996
2045	Bi	116	83	-20797.566	10.568
2046	Po	115	84	-15208.483	18.06
2047	At	114	85	-8823.372	5.384
2048	Rn	113	86	-1499.451	37.588
2049	Fr	112	87	6771.393	13.726
2050	Pt	122	78	-26599.16	20.11
2051	Au	121	79	-27240.092	26.717
2052	Hg	120	80	-29503.27	0.529
2053	Tl	119	81	-27047.23	5.759
2054	Pb	118	82	-26251.054	10.927
2055	Bi	117	83	-20370.755	22.321
2056	Po	116	84	-16941.761	7.579
2057	At	115	85	-8987.892	24.465
2058	Rn	114	86	-4004.765	13.681
2059	Fr	113	87	6132.498	30.611
2060	Pt	123	78	-23740.714	50.103
2061	Au	122	79	-26400.714	3.218
2062	Hg	121	80	-27662.542	0.711
2063	Tl	120	81	-27180.838	14.185
2064	Pb	119	82	-25271.036	13.747
2065	Bi	118	83	-21416.433	15.183
2066	Po	117	84	-16521.185	4.942
2067	At	116	85	-10789.438	8.184
2068	Rn	115	86	-4072.324	49.732
2069	Fr	114	87	3588.577	9.08
2070	Ra	113	88	11936.801	20.301
2071	Pt	124	78	-22692.125	25.15
2072	Au	123	79	-24352.979	23.287
2073	Hg	122	80	-27345.324	0.705
2074	Tl	121	81	-25980.216	1.606
2075	Pb	120	82	-25940.614	3.796
2076	Bi	119	83	-20741.484	15.396
2077	Po	118	84	-17941.616	8.67
2078	At	117	85	-10590.732	27.977
2079	Rn	116	86	-6274.635	17.52
2080	Fr	115	87	3096.237	7.04
2081	Ra	114	88	9074.861	15.018
2082	Au	124	79	-23143.436	3.083
2083	Hg	123	80	-25269.265	1.627
2084	Tl	122	81	-25761.377	1.166
2085	Pb	121	82	-24786.557	6.554
2086	Bi	120	83	-21524.827	12.778
2087	Po	119	84	-17310.889	8.655
2088	At	118	85	-12162.557	10.576
2089	Rn	117	86	-6153.699	18.179
2090	Fr	116	87	876.417	6.232
2091	Ra	115	88	8661.726	38.124
2092	Hg	124	80	-24690.145	0.498
2093	Tl	123	81	-24346.145	1.152
2094	Pb	122	82	-25109.892	1.146
2095	Bi	121	83	-20645.896	9.18
2096	Po	120	84	-18341.244	11.013
2097	At	119	85	-11875.433	22.288
2098	Rn	118	86	-7970.193	7.444
2099	Fr	117	87	607.31	24.581
2100	Ra	116	88	6056.787	15.273
2101	Hg	125	80	-22287.74	3.654
2102	Tl	124	81	-23820.874	1.237
2103	Pb	123	82	-23770.239	1.144
2104	Bi	122	83	-21064.504	5.111
2105	Po	121	84	-17521.398	10.059
2106	At	120	85	-12971.946	15.085
2107	Rn	119	86	-7709.786	5.08
2108	Fr	118	87	-1309.813	7.824
2109	Ra	117	88	5838.991	70.521
2110	Ac	116	89	14106.693	50.818
2111	Hg	126	80	-20945.801	20.44
2112	Tl	125	81	-22253.367	1.284
2113	Pb	124	82	-23785.584	1.144
2114	Bi	123	83	-20028.278	7.632
2115	Po	122	84	-18188.674	4.012
2116	At	121	85	-12429.718	15.056
2117	Rn	120	86	-9132.965	8.591
2118	Fr	119	87	-1242.416	28.195
2119	Ra	118	88	3565.539	18.008
2120	Ac	117	89	13479.452	50.493
2121	Hg	127	80	-16487.444	29.808
2122	Tl	126	81	-21034.451	5.439
2123	Pb	125	82	-22452.047	1.147
2124	Bi	124	83	-20054.627	2.397
2125	Po	123	84	-17145.775	6.659
2126	At	122	85	-13227.416	12.406
2127	Rn	121	86	-8634.762	8.497
2128	Fr	120	87	-2844.341	17.505
2129	Ra	119	88	3544.485	53.202
2130	Ac	118	89	11146.233	50.387
2131	Hg	128	80	-13265.406	30.739
2132	Tl	127	81	-16750.132	1.854
2133	Pb	126	82	-21748.598	1.148
2134	Bi	125	83	-18870.223	2.304
2135	Po	124	84	-17469.596	1.737
2136	At	123	85	-12469.871	8.921
2137	Rn	122	86	-9655.591	11.138
2138	Fr	121	87	-2665.919	11.834
2139	Ra	120	88	1727.856	9.023
2140	Ac	119	89	10753.235	55.716
2141	Th	118	90	16683.73	34.19
2142	Tl	128	81	-13644.757	6.11
2143	Pb	127	82	-17614.646	1.747
2144	Bi	126	83	-18258.662	1.364
2145	Po	125	84	-16366.092	1.778
2146	At	124	85	-12882.613	5.102
2147	Rn	123	86	-8941.049	9.96
2148	Fr	122	87	-3769.572	14.648
2149	Ra	121	88	1858.219	5.747
2150	Ac	120	89	8843.809	50.608
2151	Tl	129	81	-9246.969	11.604
2152	Pb	128	82	-14728.502	1.447
2153	Bi	127	83	-14791.979	1.363
2154	Po	126	84	-15953.137	1.146
2155	At	125	85	-11972.177	7.695
2156	Rn	124	86	-9604.77	4.557
2157	Fr	123	87	-3333.205	15.154
2158	Ra	122	88	442.792	9.193
2159	Ac	121	89	8789.699	57.402
2160	Th	120	90	14059.446	18.909
2161	Tl	130	81	-6077.998	41.917
2162	Pb	129	82	-10492.948	2.261
2163	Bi	128	83	-11859.131	5.442
2164	Po	127	84	-12432.571	1.255
2165	At	126	85	-11647.264	2.729
2166	Rn	125	86	-8755.404	6.813
2167	Fr	124	87	-4140.249	11.991
2168	Ra	123	88	832.023	7.918
2169	Ac	122	89	7202.214	52.976
2170	Th	121	90	13910.171	73.01
2171	Pb	130	82	-7548.85	1.842
2172	Bi	129	83	-8117.954	1.854
2173	Po	128	84	-10369.487	1.152
2174	At	127	85	-8628.221	2.384
2175	Rn	126	86	-8659.608	3.145
2176	Fr	125	87	-3515.968	8.775
2177	Ra	124	88	-198.968	11.263
2178	Ac	123	89	7277.298	51.381
2179	Th	122	90	12110.808	10.109
2180	Pa	121	91	21593.358	74.862
2181	Tl	132	81	1783.811	27.013
2182	Pb	131	82	-3203.532	6.954
2183	Bi	130	83	-5231.635	5.082
2184	Po	129	84	-6653.584	3.053
2185	At	128	85	-6579.595	4.898
2186	Rn	127	86	-5696.026	3.37
2187	Fr	126	87	-3552.848	5.091
2188	Ra	125	88	345.557	9.818
2189	Ac	124	89	6154.692	15.272
2190	Th	123	90	12120.086	9.217
2191	Pa	122	91	19662.625	71.142
2192	Pb	132	82	-182.769	1.975
2193	Bi	131	83	-1200.753	11.209
2194	Po	130	84	-4470.046	1.449
2195	At	129	85	-3379.831	4.298
2196	Rn	128	86	-4319.742	9.187
2197	Fr	127	87	-958.707	8.634
2198	Ra	126	88	92.734	5.25
2199	Ac	125	89	6443.854	15.36
2200	Th	124	90	10694.885	10.661
2201	Pa	123	91	19485.515	76.125
2202	Pb	133	82	4342.244	52.448
2203	Bi	132	83	1629.322	5.624
2204	Po	131	84	-541.706	2.121
2205	At	130	85	-1255.756	6.799
2206	Rn	129	86	-1168.561	7.672
2207	Fr	128	87	318.065	7.066
2208	Ra	127	88	2533.739	7.613
2209	Ac	126	89	6030.615	12.406
2210	Th	125	90	10921.586	8.84
2211	Pa	124	91	17863.939	72.845
2212	U	123	92	24923.087	88.49
2213	Bi	133	83	5873.991	11.178
2214	Po	132	84	1782.42	1.816
2215	At	131	85	2256.666	3.575
2216	Rn	130	86	252.868	5.994
2217	Fr	129	87	2970.95	4.173
2218	Ra	128	88	3291.077	8.737
2219	Ac	127	89	8144.395	10.84
2220	Th	126	90	10298.332	12.042
2221	Pa	125	91	17799.214	53.526
2222	U	124	92	23066.351	28.093
2223	Bi	134	83	8729.962	17.698
2224	Po	133	84	5883.518	6.544
2225	At	132	85	4394.635	5.001
2226	Rn	131	86	3658.501	4.198
2227	Fr	130	87	4314.59	6.531
2228	Ra	129	88	5889.656	7.202
2229	Ac	128	89	8703.673	11.389
2230	Th	127	90	12205.78	10.614
2231	Pa	126	91	17068.41	15.918
2232	Bi	135	83	13216.037	27.013
2233	Po	134	84	8356.901	1.973
2234	At	133	85	8098.162	11.604
2235	Rn	132	86	5217.347	2.316
2236	Fr	131	87	7059.117	4.757
2237	Ra	130	88	6651.17	11.176
2238	Ac	129	89	10843.609	50.74
2239	Th	128	90	12366.741	10.516
2240	Pa	127	91	18683.77	18.329
2241	U	126	92	21894.608	13.714
2242	Po	135	84	12681.359	15.835
2243	At	134	85	10396.076	3.237
2244	Rn	133	86	8829.402	2.1
2245	Fr	132	87	8617.767	7.039
2246	Ra	131	88	9394.282	8.258
2247	Ac	130	89	11569.48	50.497
2248	Th	129	90	14471.39	50.576
2249	Pa	128	91	18540.131	51.516
2250	U	127	92	23286.569	50.775
2251	Np	126	93	29456.655	88.354
2252	Po	136	84	15263.461	17.698
2253	At	135	85	14375.747	13.972
2254	Rn	134	86	10612.077	1.815
2255	Fr	133	87	11482.32	4.028
2256	Ra	132	88	10270.245	8.237
2257	Ac	131	89	13743.682	6.129
2258	Th	130	90	14669.1	22.166
2259	Po	137	84	19773.755	19.561
2260	At	136	85	16782.727	13.972
2261	Rn	135	86	14471.42	5.714
2262	Fr	134	87	13277.29	4.886
2263	Ra	133	88	12963.811	4.63
2264	Ac	132	89	14523.109	50.425
2265	Th	131	90	16940.371	8.166
2266	Pa	130	91	20376.288	51.281
2267	U	129	92	24519.995	51.114
2268	Po	138	84	22486.265	40.054
2269	At	137	85	20953.026	15.835
2270	Rn	136	86	16372.206	1.95
2271	Fr	135	87	16378.105	7.452
2272	Ra	134	88	14320.188	4.454
2273	Ac	133	89	16621.474	5.174
2274	Th	132	90	17203.111	12.279
2275	U	130	92	24272.827	51.994
2276	At	138	85	23428.006	13.972
2277	Rn	137	86	20389.739	7.822
2278	Fr	136	87	18382.394	1.932
2279	Ra	135	88	17233.309	2.09
2280	Ac	134	89	17825.882	7.11
2281	Th	133	90	19385.831	9.212
2282	Pa	132	91	22320.676	71.063
2283	U	131	92	25837.006	71.119
2284	At	139	85	27711.015	22.356
2285	Rn	138	86	22445.098	9.814
2286	Fr	137	87	21748.616	11.178
2287	Ra	136	88	18825.917	1.813
2288	Ac	135	89	20234.135	4.089
2289	Th	134	90	19993.734	10.12
2290	Pa	133	91	23862.278	7.587
2291	U	132	92	25722.252	23.171
2292	Rn	139	86	26534.141	11.14
2293	Fr	138	87	23820.61	11.967
2294	Ra	137	88	21993.109	2.596
2295	Ac	136	89	21637.346	4.758
2296	Th	135	90	22310.127	5.093
2297	Pa	134	91	24340.725	71.012
2298	U	133	92	27379.921	10.909
2299	Np	132	93	31587.704	71.622
2300	Rn	140	86	28747.192	10.477
2301	Fr	139	87	27520.539	6.23
2302	Ra	138	88	23667.824	1.933
2303	Ac	137	89	24309.264	3.1
2304	Th	136	90	23197.634	4.481
2305	Pa	135	91	26033.276	11.42
2306	U	134	92	27328.869	12.999
2307	Rn	141	86	32885.834	14.091
2308	Fr	140	87	29682.445	5.898
2309	Ra	139	88	27177.711	1.952
2310	Ac	138	89	25849.58	1.927
2311	Th	137	90	25804.823	2.088
2312	Pa	136	91	26831.198	7.42
2313	U	135	92	29045.462	9.705
2314	Np	134	93	32562.08	72.506
2315	Rn	142	86	35243.465	17.677
2316	Fr	141	87	33384.221	6.732
2317	Ra	140	88	28940.268	1.996
2318	Ac	139	89	28894.728	2.094
2319	Th	138	90	26770.984	1.807
2320	Pa	137	91	28923.586	4.34
2321	U	136	92	29222.226	14.354
2322	Np	135	93	33595.694	50.572
2323	Pu	134	94	36087.37	29.143
2324	Rn	143	86	39362.4	13.041
2325	Fr	142	87	35668.262	5.001
2326	Ra	141	88	32561.963	15.441
2327	Ac	140	89	30689.933	12.109
2328	Th	139	90	29585.583	2.405
2329	Pa	138	91	29896.908	3.28
2330	U	137	92	31210.554	5.938
2331	Np	136	93	33779.675	86.848
2332	Pu	135	94	37395.59	51.176
2333	Am	134	95	42150.02	87.348
2334	Fr	143	87	39486.768	6.541
2335	Ra	142	88	34516.306	10.296
2336	Ac	141	89	33838.383	15.835
2337	Th	140	90	30862.593	1.21
2338	Pa	139	91	32173.607	3.038
2339	U	138	92	31615.002	4.509
2340	Np	137	93	35236.291	51.288
2341	Pu	136	94	36934.392	14.824
2342	Fr	144	87	42080.575	7.731
2343	Ra	143	88	38216.486	11.37
2344	Ac	142	89	35762.849	13.041
2345	Th	141	90	33815.891	1.218
2346	Pa	140	91	33424.404	1.772
2347	U	139	92	33806.015	2.67
2348	Np	138	93	35624.513	50.547
2349	Pu	137	94	38309.005	22.549
2350	Fr	145	87	46072.834	13.972
2351	Ra	144	88	40496.953	9.151
2352	Ac	143	89	39154.419	13.041
2353	Th	142	90	35446.784	1.422
2354	Pa	141	91	35946.633	7.645
2355	U	140	92	34609.53	1.809
2356	Pu	138	94	38363.14	17.595
2357	Fr	146	87	48920.051	19.561
2358	Ra	145	88	44334.06	8.603
2359	Ac	144	89	41308.033	13.041
2360	Th	143	90	38731.715	1.425
2361	Pa	142	91	37489.472	1.336
2362	U	141	92	36919.176	2.255
2363	Np	140	93	37948.59	50.981
2364	Pu	139	94	40051.769	50.351
2365	Cm	137	96	47294.006	71.547
2366	Ra	146	88	46930.629	8.383
2367	Ac	145	89	44841.19	13.972
2368	Th	144	90	40613.009	2.589
2369	Pa	143	91	40338.921	4.094
2370	U	142	92	38145.025	1.13
2371	Np	141	93	39954.871	8.397
2372	Pu	140	94	40349.971	6.798
2373	Cm	138	96	46724.633	17.394
2374	Ac	146	89	47357.155	13.972
2375	Th	145	90	44017.749	13.041
2376	Pa	144	91	42288.896	13.972
2377	U	143	92	40918.846	1.117
2378	Np	142	93	41043.108	1.389
2379	Pu	141	94	42182.41	20.521
2380	Am	140	95	44625.429	52.192
2381	Ac	147	89	51220.992	38.191
2382	Th	146	90	46255.198	13.972
2383	Pa	145	91	45333.95	13.972
2384	U	144	92	42444.644	1.113
2385	Np	143	93	43378.178	50.421
2386	Pu	142	94	42901.593	1.811
2387	Cm	140	96	47855.045	18.315
2388	Th	147	90	49955.092	15.835
2389	Pa	146	91	47527.619	13.041
2390	U	145	92	45390.194	1.203
2391	Np	144	93	44871.659	1.12
2392	Pu	143	94	45091.722	1.697
2393	Cm	141	96	49247.085	70.96
2394	Cf	139	98	57938.921	87.287
2395	Pa	147	91	50894.038	15.835
2396	U	146	92	47307.783	1.493
2397	Np	145	93	47454.656	1.138
2398	Pu	144	94	46163.213	1.139
2399	Am	143	95	48421.487	50.7
2400	Cm	142	96	49445.188	12.234
2401	U	147	92	50572.718	1.503
2402	Np	146	93	49311.057	1.311
2403	Pu	145	94	48588.282	1.113
2404	Am	144	95	49390.424	1.982
2405	Cm	143	96	51147.025	54.047
2406	U	148	92	52715.505	2.553
2407	Np	147	93	52316.272	17.032
2408	Pu	146	94	50125.38	1.106
2409	Am	145	95	51510.169	13.832
2410	Cm	144	96	51724.306	1.906
2411	Cf	142	98	57990.944	18.7
2412	Np	148	93	54260.175	70.719
2413	Pu	147	94	52955.175	1.106
2414	Am	146	95	52934.395	1.114
2415	Cm	145	96	53701.83	1.608
2416	Np	149	93	57416.932	200.004
2417	Pu	148	94	54716.932	1.245
2418	Am	147	95	55468.072	1.119
2419	Cm	146	96	54803.764	1.142
2420	Cf	144	98	59386.966	12.892
2421	Pu	149	94	57754.602	2.542
2422	Am	148	95	57175.046	1.388
2423	Cm	147	96	57181.998	1.496
2424	Bk	146	97	58689.693	4.524
2425	Pu	150	94	59806.028	2.346
2426	Am	149	95	59879.196	1.492
2427	Cm	148	96	58451.896	1.107
2428	Bk	147	97	60713.885	14.399
2429	Cf	146	98	61478.179	2.618
2430	Pu	151	94	63178.179	13.62
2431	Am	150	95	61900.469	1.887
2432	Cm	149	96	61004.58	1.15
2433	Bk	148	97	61813.836	1.793
2434	Cf	147	98	63385.21	2.428
2435	Pu	152	94	65394.801	14.985
2436	Cm	150	96	62616.967	1.526
2437	Bk	149	97	63966.967	60.019
2438	Cf	148	98	64090.292	1.515
2439	Fm	146	100	70188.833	15.333
2440	Cm	151	96	65533.143	3.797
2441	Bk	150	97	65489.562	5.189
2442	Cf	149	98	66103.903	15.334
2443	Es	148	99	68578.388	19.441
2444	Cm	152	96	67392.755	2.358
2445	Cf	150	98	67238.012	5.121
2446	Fm	148	100	71897.857	8.497
2447	Cm	153	96	70750.702	2.371
2448	Bk	152	97	69846.384	1.249
2449	Cf	151	98	69722.784	1.183
2450	Fm	149	100	73519.188	6.212
2451	Cm	154	96	72989.594	10.274
2452	Bk	153	97	72949.978	3.719
2453	Cf	152	98	71170.391	1.538
2454	Fm	150	100	74072.243	7.888
2455	Cm	155	96	76648.018	22.698
2456	Bk	154	97	75228.018	10.734
2457	Cf	153	98	74135.018	3.901
2458	Es	152	99	74512.277	5.994
2459	Fm	151	100	75953.919	15.203
2460	Md	150	101	78966.744	18.919
2461	Cf	154	98	76034.617	2.358
2462	Es	153	99	77294.617	50.056
2463	Fm	152	100	76815.627	5.498
2464	No	150	102	82871.427	9.292
2465	Cf	155	98	79301.567	4.257
2466	Es	154	99	79010.538	1.25
2467	Fm	153	100	79345.74	2.932
2468	No	151	102	84358.735	6.912
2469	Cf	156	98	81341.401	11.462
2470	Es	155	99	81990.594	4.01
2471	Fm	154	100	80902.794	2.414
2472	No	152	102	84723.347	9.658
2473	Es	156	99	84089.274	10.817
2474	Fm	155	100	83799.654	4.291
2475	Md	154	101	84843.07	6.553
2476	No	153	102	86807.234	14.904
2477	Lr	152	103	89947.3	17.698
2478	Fm	156	100	85486.817	5.6
2479	No	154	102	87822.062	7.743
2480	Lr	153	103	91746.598	82.903
2481	Rf	152	104	94222.049	17.848
2482	Fm	157	100	88590.033	4.486
2483	Md	156	101	88993.053	1.601
2484	No	155	102	90247.256	6.678
2485	Rf	153	104	95866.427	10.817
2486	Md	157	101	91686.792	4.419
2487	Rf	154	104	96341.036	31.967
2488	No	157	102	94078.569	6.589
2489	Db	154	105	101991.016	53.04
2490	Sg	154	106	106547.552	20.536
2491	Rf	157	104	101318.594	50.444
2492	Sg	155	106	108005.043	18.494
2493	Sg	156	106	108365.771	35.411
2494	Hs	156	108	119563.222	28.881
2495	Hs	157	108	120900.283	23.958
2496	Hs	158	108	121136.373	38.695
2497	Ds	159	110	134834.709	31.403
2498	Ds	160	110	134678.282	48.011
